2.008203218663169,-0.22674944589528095,2.0081964209713377,-0.5130775828799559,2.008196397869162,-0.06631876615242546,2.008190464924362,-0.06631876615242546,2.008189957444891,0.5400617895298815,2.008189957444891,-0.4225078484720114,2.008189957444891,-0.23552068352053682,2.008189957444891,-0.493957644311887,2.008189957444891,0.5824356411503318,2.008189957444891,0.29782474208029414,2.0081892424669108,-0.27740212062266134,2.0081858768290144,0.2047492132864325,2.0081858768290144,-0.48355737567752827,2.0081847478855597,-0.42722517229980483,2.008183619253456,-0.4447675849833528,2.008205070327159,-0.5130775828799559,2.008205070327159,-0.4630240118575356,2.0082050934782485,-0.05008205092256839,2.00820513978082,1.126176868104308,2.008208498110182,-0.5130775828799559,2.0082085212806198,-0.4158485211689045,2.008211209939291,-0.05008205092256839,2.0082112563109207,0.1513835724426732,2.00821503736034,-0.5130775828799559,2.0082163836045286,-0.5130775828799559,2.0082179625217953,0.1000786621446924,2.0082211686611764,-0.05008205092256839,2.0082213546010466,-0.5130775828799559,2.0082213778441216,-0.36488874275651606,2.0082243540431692,-0.03960297294063479
2.008203218663169,-0.22674944589528095,2.0081964209713377,-0.5130775828799559,2.008196397869162,-0.06631876615242546,2.008190464924362,-0.06631876615242546,2.008189957444891,0.5400617895298815,2.008189957444891,-0.4225078484720114,2.008189957444891,-0.23552068352053682,2.008189957444891,-0.493957644311887,2.008189957444891,0.5824356411503318,2.008189957444891,0.29782474208029414,2.0081892424669108,-0.27740212062266134,2.0081847478855597,-0.42722517229980483,2.008183619253456,-0.4447675849833528,2.0081833198726913,-0.07686466565167405,2.0081805573918987,0.16765098302495982,2.008205070327159,-0.5130775828799559,2.008205070327159,-0.4630240118575356,2.0082050934782485,-0.05008205092256839,2.00820513978082,1.126176868104308,2.0082084517697005,-0.5130775828799559,2.008208474939876,-0.4158485211689045,2.0082112563109207,0.1513835724426732,2.00821503736034,-0.5130775828799559,2.00821633717497,-0.05008205092256839,2.0082163836045286,-0.5130775828799559,2.0082179625217953,0.1000786621446924,2.008221145419284,-0.5130775828799559,2.0082213778441216,-0.36488874275651606,2.0082243540431692,-0.03960297294063479,2.0082335053837723,-0.05008205092256839
2.008203218663169,-0.22674944589528095,2.0081964209713377,-0.5130775828799559,2.008196397869162,-0.06631876615242546,2.008190464924362,-0.06631876615242546,2.008189957444891,-0.4225078484720114,2.008189957444891,-0.23552068352053682,2.008189957444891,-0.493957644311887,2.008189957444891,0.5824356411503318,2.008189957444891,0.29782474208029414,2.0081892424669108,-0.27740212062266134,2.0081863377117664,0.15626304481379386,2.008183619253456,-0.4447675849833528,2.0081833198726913,-0.07686466565167405,2.0081817772575854,8.570606946090606,2.0081805573918987,0.16765098302495982,2.008205070327159,-0.5130775828799559,2.008205070327159,-0.4630240118575356,2.0082050934782485,-0.05008205092256839,2.00820513978082,1.126176868104308,2.0082111867536727,-0.5130775828799559,2.008211209939291,-0.4158485211689045,2.0082112563109207,0.1513835724426732,2.00821503736034,-0.5130775828799559,2.0082163836045286,-0.5130775828799559,2.0082179625217953,0.1000786621446924,2.0082210756943955,-0.5130775828799559,2.0082213778441216,-0.36488874275651606,2.0082243540431692,-0.03960297294063479,2.0082335053837723,-0.05008205092256839,2.0082335753196596,-0.5130775828799559
2.008203218663169,-0.22674944589528095,2.0081964209713377,-0.5130775828799559,2.008196397869162,-0.06631876615242546,2.008190464924362,-0.06631876615242546,2.008189957444891,-0.4225078484720114,2.008189957444891,-0.23552068352053682,2.008189957444891,-0.493957644311887,2.008189957444891,0.5824356411503318,2.008189957444891,0.29782474208029414,2.008189957444891,-0.43736601327555447,2.008189957444891,-0.504763421951884,2.0081892424669108,-0.27740212062266134,2.0081863607572665,-0.4827737745097795,2.0081863607572665,-0.42584333085119613,2.0081863377117664,0.15626304481379386,2.008205070327159,-0.5130775828799559,2.008205070327159,-0.4630240118575356,2.0082050934782485,-0.05008205092256839,2.00820513978082,1.126176868104308,2.0082111403828287,-0.5130775828799559,2.0082112563109207,0.1513835724426732,2.00821503736034,-0.5130775828799559,2.0082163836045286,-0.5130775828799559,2.0082179625217953,0.1000786621446924,2.0082210292117932,-0.05008205092256839,2.0082210756943955,-0.5130775828799559,2.0082213778441216,-0.36488874275651606,2.0082243540431692,-0.03960297294063479,2.0082335753196596,-0.5130775828799559,2.0082346711370245,-0.4630240118575356
2.008203218663169,-0.22674944589528095,2.0081964209713377,-0.5130775828799559,2.008196397869162,-0.06631876615242546,2.008190464924362,-0.06631876615242546,2.008189957444891,-0.4225078484720114,2.008189957444891,-0.23552068352053682,2.008189957444891,-0.493957644311887,2.008189957444891,0.29782474208029414,2.008189957444891,-0.43736601327555447,2.008189957444891,-0.504763421951884,2.008189957444891,0.5628304582379863,2.008189957444891,0.49813688090132396,2.0081892424669108,-0.27740212062266134,2.0081863607572665,-0.4827737745097795,2.0081863607572665,-0.42584333085119613,2.008205070327159,-0.5130775828799559,2.008211070827545,-0.4004570480795102,2.008211070827545,-0.4630240118575356,2.0082110940125086,-0.5130775828799559,2.0082111171976034,-0.4158485211689045,2.0082112563109207,0.1513835724426732,2.0082117200560248,1.6767661493509307,2.00821503736034,-0.5130775828799559,2.00821633717497,-0.05008205092256839,2.0082163836045286,-0.5130775828799559,2.0082179625217953,0.1000786621446924,2.0082210756943955,-0.5130775828799559,2.0082213778441216,-0.36488874275651606,2.008224307523488,-0.05008205092256839,2.0082243540431692,-0.03960297294063479
2.0082032649445827,-0.5130775828799559,2.008203218663169,-0.22674944589528095,2.008196397869162,-0.06631876615242546,2.008190464924362,-0.06631876615242546,2.008189957444891,-0.4225078484720114,2.008189957444891,-0.23552068352053682,2.008189957444891,-0.493957644311887,2.008189957444891,0.29782474208029414,2.008189957444891,-0.43736601327555447,2.008189957444891,-0.504763421951884,2.008189957444891,0.5628304582379863,2.008189957444891,0.49813688090132396,2.0081892424669108,-0.27740212062266134,2.0081871213315616,-0.48744214594511304,2.0081833429012033,-0.415207247330358,2.0082108389851085,-0.4630240118575356,2.008210862168763,-0.4004570480795102,2.008210862168763,-0.5130775828799559,2.0082111867536727,-0.5130775828799559,2.0082111867536727,-0.4630240118575356,2.008211209939291,-0.05008205092256839,2.0082112563109207,0.1513835724426732,2.0082117200560248,1.6767661493509307,2.0082130652130936,-0.5130775828799559,2.00821503736034,-0.5130775828799559,2.0082163836045286,-0.5130775828799559,2.0082179160743907,-0.05008205092256839,2.0082179625217953,0.1000786621446924,2.0082210756943955,-0.5130775828799559,2.0082243540431692,-0.03960297294063479
2.0082032649445827,-0.5130775828799559,2.008203218663169,-0.22674944589528095,2.008196397869162,-0.06631876615242546,2.008189957444891,-0.4225078484720114,2.008189957444891,-0.23552068352053682,2.008189957444891,-0.493957644311887,2.008189957444891,0.29782474208029414,2.008189957444891,-0.43736601327555447,2.008189957444891,-0.504763421951884,2.008189957444891,0.5628304582379863,2.008189957444891,0.49813688090132396,2.008189957444891,0.03551652548553509,2.0081892424669108,-0.27740212062266134,2.0081872135319885,-0.4820960866983142,2.0081833429012033,-0.415207247330358,2.008210769434931,-0.2753231205234596,2.0082107926181925,-0.05008205092256839,2.0082107926181925,-0.5130775828799559,2.008210815801585,-0.5130775828799559,2.0082112563109207,0.1513835724426732,2.0082117200560248,1.6767661493509307,2.00821503736034,-0.5130775828799559,2.0082163836045286,-0.5130775828799559,2.0082179160743907,-0.05008205092256839,2.0082179625217953,0.1000786621446924,2.0082210756943955,-0.5130775828799559,2.0082243540431692,-0.03960297294063479,2.0082272858444283,-0.05008205092256839,2.008227332397809,-0.36477259344495855,2.0082335753196596,-0.5130775828799559
2.0082032649445827,-0.5130775828799559,2.008203218663169,-0.22674944589528095,2.008196397869162,-0.06631876615242546,2.008189957444891,0.29782474208029414,2.008189957444891,-0.43736601327555447,2.008189957444891,-0.504763421951884,2.008189957444891,0.5628304582379863,2.008189957444891,0.03551652548553509,2.0081894039026396,0.08777698348111938,2.0081892424669108,-0.27740212062266134,2.0081857385743076,-0.09840489459296094,2.0081845635978306,0.16765098302495982,2.0081833429012033,-0.415207247330358,2.0081833198726913,-0.07686466565167405,2.0081817772575854,8.570606946090606,2.008210699885931,-0.4630240118575356,2.0082107230688,-0.4004570480795102,2.0082107230688,-0.05008205092256839,2.0082107230688,-0.5130775828799559,2.0082112331250404,-0.5130775828799559,2.0082112563109207,0.1513835724426732,2.0082117200560248,1.6767661493509307,2.0082140627692238,-0.5130775828799559,2.008216197889443,-0.5130775828799559,2.0082163836045286,-0.5130775828799559,2.0082179160743907,-0.05008205092256839,2.0082179625217953,0.1000786621446924,2.0082210756943955,-0.5130775828799559,2.0082243540431692,-0.03960297294063479,2.0082272858444283,-0.05008205092256839
2.0082032649445827,-0.5130775828799559,2.008203218663169,-0.22674944589528095,2.008196397869162,-0.06631876615242546,2.008191180115826,-0.23997725327008904,2.008191180115826,-0.42136562598127975,2.008189957444891,-0.43736601327555447,2.008189957444891,-0.504763421951884,2.008189957444891,0.03551652548553509,2.0081892424669108,-0.27740212062266134,2.0081857385743076,-0.09840489459296094,2.0081845635978306,0.16765098302495982,2.0081817772575854,8.570606946090606,2.008178923802131,-0.06631876615242546,2.0081778887660895,-0.4850356077905334,2.0081778887660895,-0.4158568050349087,2.0082106535205857,-0.05008205092256839,2.008210676703193,-0.4004570480795102,2.008210699885931,-0.4630240118575356,2.008210699885931,-0.5130775828799559,2.0082107230688,-0.5130775828799559,2.0082112563109207,0.1513835724426732,2.0082117200560248,1.6767661493509307,2.008216197889443,-0.5130775828799559,2.0082163836045286,-0.5130775828799559,2.0082179160743907,-0.05008205092256839,2.0082179625217953,0.1000786621446924,2.0082210756943955,-0.5130775828799559,2.0082243540431692,-0.03960297294063479,2.0082272858444283,-0.05008205092256839,2.008227332397809,-0.36477259344495855
2.0082032649445827,-0.5130775828799559,2.008203218663169,-0.22674944589528095,2.008196397869162,-0.06631876615242546,2.008191180115826,-0.23997725327008904,2.008191180115826,-0.42136562598127975,2.008189957444891,-0.43736601327555447,2.008189957444891,0.03551652548553509,2.0081892424669108,-0.27740212062266134,2.008186130308106,0.16765098302495982,2.0081857385743076,-0.09840489459296094,2.008185024332715,8.572045986257502,2.008178923802131,-0.06631876615242546,2.0081778887660895,-0.4850356077905334,2.0081778887660895,-0.4158568050349087,2.0081778657682636,0.18797344612344938,2.008210514427692,-0.4630240118575356,2.008210514427692,-0.5130775828799559,2.008210537609514,-0.2753231205234596,2.008210560791466,-0.5130775828799559,2.00821058397355,-0.05008205092256839,2.0082112563109207,0.1513835724426732,2.0082117200560248,1.6767661493509307,2.008216197889443,-0.5130775828799559,2.0082163836045286,-0.5130775828799559,2.0082179160743907,-0.05008205092256839,2.0082179625217953,0.1000786621446924,2.0082210756943955,-0.5130775828799559,2.0082243540431692,-0.03960297294063479,2.0082272858444283,-0.05008205092256839,2.008227332397809,-0.36477259344495855
2.0082032649445827,-0.5130775828799559,2.0082032418038103,-0.5130775828799559,2.008203218663169,-0.22674944589528095,2.008196397869162,-0.06631876615242546,2.008191180115826,-0.23997725327008904,2.008191180115826,-0.5035871380060716,2.008191180115826,-0.42595714015830843,2.008191180115826,0.13238760405663408,2.008189957444891,-0.43736601327555447,2.008189957444891,0.03551652548553509,2.0081892424669108,0.31204875316576863,2.0081881587061132,8.576225459437872,2.008186130308106,0.16765098302495982,2.0081857385743076,-0.09840489459296094,2.008178923802131,-0.06631876615242546,2.0082104448830123,-0.4630240118575356,2.0082104680644415,-0.4630240118575356,2.0082104680644415,-0.5130775828799559,2.0082104912460013,-0.4004570480795102,2.0082104912460013,-0.05008205092256839,2.0082112331250404,-0.5130775828799559,2.0082112563109207,0.1513835724426732,2.0082117200560248,1.6767661493509307,2.00821274047966,-0.5130775828799559,2.008216197889443,-0.5130775828799559,2.0082163836045286,-0.5130775828799559,2.0082179160743907,-0.05008205092256839,2.0082179625217953,0.1000786621446924,2.0082210059706895,-0.5130775828799559,2.0082213546010466,-0.5130775828799559
2.0082032649445827,-0.5130775828799559,2.008203218663169,-0.22674944589528095,2.008196397869162,-0.06631876615242546,2.0081912262614994,0.16765098302495982,2.008191180115826,-0.23997725327008904,2.008191180115826,-0.5035871380060716,2.008191180115826,-0.42595714015830843,2.008191180115826,0.13238760405663408,2.008189957444891,-0.43736601327555447,2.008189957444891,0.03551652548553509,2.0081893347151194,0.19460235336876744,2.0081892424669108,0.31204875316576863,2.008188227873764,-0.48197169106093074,2.0081881587061132,8.576225459437872,2.00818723658242,-0.4278244011386925,2.008210305797187,-0.4630240118575356,2.008210305797187,-0.5130775828799559,2.008210328977831,-0.4004570480795102,2.008210328977831,-0.05008205092256839,2.008210328977831,-0.5130775828799559,2.008210375339511,-0.4630240118575356,2.0082112563109207,0.1513835724426732,2.0082117200560248,1.6767661493509307,2.008216197889443,-0.5130775828799559,2.0082163836045286,-0.5130775828799559,2.0082179160743907,-0.05008205092256839,2.0082179625217953,0.1000786621446924,2.0082243540431692,-0.03960297294063479,2.0082272858444283,-0.05008205092256839,2.008227332397809,-0.36477259344495855
2.0082032649445827,-0.5130775828799559,2.0082032418038103,-0.5130775828799559,2.008203218663169,-0.22674944589528095,2.008196397869162,-0.06631876615242546,2.0081912262614994,0.16765098302495982,2.008191180115826,-0.23997725327008904,2.008191180115826,-0.42595714015830843,2.008191180115826,0.13238760405663408,2.008189957444891,-0.43736601327555447,2.0081893347151194,0.19460235336876744,2.0081892424669108,0.31204875316576863,2.008188227873764,-0.48197169106093074,2.0081881587061132,8.576225459437872,2.00818723658242,-0.4278244011386925,2.0081857385743076,-0.09840489459296094,2.008210189895933,-0.4630240118575356,2.008210189895933,-0.5130775828799559,2.008210213075922,-0.5130775828799559,2.008210213075922,-0.4630240118575356,2.008211209939291,-0.05008205092256839,2.0082112563109207,0.1513835724426732,2.008212670897265,-0.5130775828799559,2.008216197889443,-0.5130775828799559,2.0082162675316164,-0.05008205092256839,2.0082163139603875,1.5516322217948801,2.0082163836045286,-0.5130775828799559,2.0082179625217953,0.1000786621446924,2.0082242842638447,-0.5130775828799559,2.008224307523488,-0.05008205092256839,2.0082243540431692,-0.03960297294063479
2.008203218663169,-0.22674944589528095,2.008196397869162,-0.06631876615242546,2.0081952660220552,0.16765098302495982,2.008191180115826,-0.23997725327008904,2.008191180115826,0.13238760405663408,2.008188297042583,0.2576926272318321,2.008188227873764,8.57896589245135,2.0081857385743076,-0.09840489459296094,2.008180488353775,-0.45335420001189247,2.008178923802131,-0.06631876615242546,2.0081778887660895,-0.4850356077905334,2.0081778887660895,-0.4158568050349087,2.0081778657682636,0.18797344612344938,2.008177382843806,-0.1291856384146244,2.0081754057480863,-0.4076657633781592,2.0082078493910442,-0.4630240118575356,2.0082078493910442,-0.5130775828799559,2.0082078725578194,-0.4004570480795102,2.008207895724725,-0.5130775828799559,2.008207895724725,-0.4158485211689045,2.0082079420589287,-0.05008205092256839,2.008207988393656,1.7643598986401663,2.008210097177285,-0.5130775828799559,2.0082112563109207,0.1513835724426732,2.008216197889443,-0.5130775828799559,2.0082163836045286,-0.5130775828799559,2.0082179160743907,-0.05008205092256839,2.0082179625217953,0.1000786621446924,2.0082242144857037,-0.5130775828799559,2.0082242377449524,-0.36483295805161153
2.008203218663169,-0.22674944589528095,2.008196397869162,-0.06631876615242546,2.00819542769536,0.16765098302495982,2.008191180115826,-0.23997725327008904,2.008191180115826,0.13238760405663408,2.008188297042583,0.2576926272318321,2.008188227873764,8.57896589245135,2.0081857385743076,-0.09840489459296094,2.0081853238382075,-0.4835850803290892,2.0081853238382075,-0.4275622705872481,2.0081853007985453,0.023912243227017498,2.008178923802131,-0.06631876615242546,2.0081778887660895,-0.4850356077905334,2.0081778887660895,-0.4158568050349087,2.0081778657682636,0.18797344612344938,2.0082076872272805,-0.4158485211689045,2.0082076872272805,-0.4630240118575356,2.0082077103931404,-0.4630240118575356,2.0082077103931404,-0.5130775828799559,2.0082077103931404,-0.05008205092256839,2.008207733559131,-0.324838452983283,2.008207756725252,-0.5130775828799559,2.008207988393656,1.7643598986401663,2.00820961043874,-0.5130775828799559,2.008210097177285,-0.5130775828799559,2.0082112563109207,0.1513835724426732,2.008216197889443,-0.5130775828799559,2.0082163836045286,-0.5130775828799559,2.0082179160743907,-0.05008205092256839,2.0082179625217953,0.1000786621446924
2.008203218663169,-0.22674944589528095,2.008196397869162,-0.06631876615242546,2.00819542769536,0.16765098302495982,2.008191180115826,-0.23997725327008904,2.008191180115826,0.13238760405663408,2.008188297042583,0.2576926272318321,2.008188227873764,8.57896589245135,2.0081857385743076,-0.09840489459296094,2.0081853238382075,-0.4835850803290892,2.0081853238382075,-0.4275622705872481,2.0081853007985453,0.023912243227017498,2.008178923802131,-0.06631876615242546,2.0081778887660895,-0.4850356077905334,2.0081778887660895,-0.4158568050349087,2.0081778657682636,0.18797344612344938,2.00820759456515,-0.4630240118575356,2.0082076177304864,-0.4004570480795102,2.0082076177304864,-0.5130775828799559,2.0082076408959537,-0.4158485211689045,2.0082076408959537,-0.4630240118575356,2.0082076640615516,-0.5130775828799559,2.008207988393656,1.7643598986401663,2.008210097177285,-0.5130775828799559,2.0082112563109207,0.1513835724426732,2.008216197889443,-0.5130775828799559,2.0082163836045286,-0.5130775828799559,2.0082179160743907,-0.05008205092256839,2.0082179625217953,0.1000786621446924,2.0082217265060205,-0.5130775828799559,2.0082242377449524,-0.36483295805161153
2.0082032418038103,-0.5130775828799559,2.0082032418038103,-0.4630240118575356,2.008203218663169,-0.22674944589528095,2.0081964209713377,-0.4004570480795102,2.008196397869162,-0.06631876615242546,2.00819542769536,0.16765098302495982,2.008191180115826,-0.23997725327008904,2.008191180115826,0.13238760405663408,2.008188297042583,0.2576926272318321,2.0081881587061132,8.578215088886013,2.0081857385743076,-0.09840489459296094,2.0081853238382075,-0.4835850803290892,2.0081853238382075,-0.4275622705872481,2.0081853007985453,0.023912243227017498,2.008178923802131,-0.06631876615242546,2.0082073629189763,-0.05008205092256839,2.008207386083005,-0.5130775828799559,2.0082107230688,-0.5130775828799559,2.0082112331250404,-0.4004570480795102,2.0082112331250404,-0.5130775828799559,2.0082112563109207,-0.0642221847364021,2.008216197889443,-0.5130775828799559,2.0082163836045286,-0.5130775828799559,2.0082171729873153,1.5516322217948801,2.0082179625217953,0.1000786621446924,2.0082215405493278,-0.05008205092256839,2.0082215870377125,-0.5130775828799559,2.008223609791412,-0.3648452086631193,2.0082242144857037,-0.5130775828799559,2.0082243540431692,-0.03960297294063479
2.008203426933645,-0.4158485211689045,2.0082032649445827,-0.5130775828799559,2.0082032418038103,-0.5130775828799559,2.008203218663169,-0.22674944589528095,2.008196397869162,-0.06631876615242546,2.00819542769536,0.16765098302495982,2.0081926801164105,8.582832530812833,2.008191180115826,-0.23997725327008904,2.008191180115826,0.13238760405663408,2.008191133970672,0.14938776137851068,2.0081857385743076,-0.09840489459296094,2.0081853238382075,-0.4275622705872481,2.0081853238382075,-0.4816214161709158,2.0081853007985453,0.023912243227017498,2.008178923802131,-0.06631876615242546,2.0082079420589287,-0.4004570480795102,2.008207965226227,-0.4630240118575356,2.008207988393656,-0.05008205092256839,2.008208034728906,1.714306327617746,2.008210328977831,-0.5130775828799559,2.0082112331250404,-0.5130775828799559,2.0082112563109207,-0.0642221847364021,2.008216197889443,-0.5130775828799559,2.0082163836045286,-0.5130775828799559,2.0082179160743907,-0.05008205092256839,2.0082179625217953,0.1000786621446924,2.0082242377449524,-0.5130775828799559,2.0082242610043326,-0.3648325075694724,2.0082243540431692,-0.03960297294063479,2.008233528695603,-0.05008205092256839
2.0082032880854856,-0.5130775828799559,2.0082032880854856,-0.4158485211689045,2.0082032880854856,-0.4630240118575356,2.0082032649445827,-0.5130775828799559,2.008203218663169,-0.22674944589528095,2.008196397869162,-0.06631876615242546,2.0081957510611073,0.16765098302495982,2.0081926801164105,8.582832530812833,2.008191180115826,-0.23997725327008904,2.008191180115826,0.13238760405663408,2.008191133970672,0.14938776137851068,2.0081857385743076,-0.09840489459296094,2.0081853238382075,-0.4275622705872481,2.0081853238382075,-0.4816214161709158,2.0081853007985453,0.023912243227017498,2.0082079420589287,-0.4004570480795102,2.0082079420589287,-0.5130775828799559,2.008207965226227,-0.4630240118575356,2.008207988393656,-0.05008205092256839,2.008208034728906,1.714306327617746,2.008209216454567,-0.5130775828799559,2.0082112331250404,-0.5130775828799559,2.0082112563109207,-0.0642221847364021,2.008216197889443,-0.5130775828799559,2.0082163836045286,-0.5130775828799559,2.0082179160743907,-0.05008205092256839,2.0082179625217953,0.1000786621446924,2.0082242377449524,-0.5130775828799559,2.0082242610043326,-0.3648325075694724,2.0082243540431692,-0.03960297294063479
2.0082032649445827,-0.4158485211689045,2.0082032418038103,-0.5130775828799559,2.0082032418038103,-0.4630240118575356,2.008203218663169,-0.22674944589528095,2.008196397869162,-0.06631876615242546,2.008195635570411,0.16765098302495982,2.0081912031885976,0.2481149890372269,2.008191180115826,-0.23997725327008904,2.008191133970672,0.14938776137851068,2.0081881587061132,8.577051343359743,2.0081857385743076,-0.09840489459296094,2.0081853238382075,-0.4275622705872481,2.0081853238382075,-0.4816214161709158,2.0081853007985453,0.023912243227017498,2.008178923802131,-0.06631876615242546,2.0082078725578194,-0.4630240118575356,2.008207895724725,-0.4004570480795102,2.008207895724725,-0.5130775828799559,2.008207988393656,-0.05008205092256839,2.008208034728906,1.714306327617746,2.0082093091533233,-0.5130775828799559,2.0082112331250404,-0.5130775828799559,2.0082112563109207,-0.0642221847364021,2.008216197889443,-0.5130775828799559,2.0082163836045286,-0.5130775828799559,2.0082179160743907,-0.05008205092256839,2.0082179625217953,0.1000786621446924,2.0082218194875217,-0.5130775828799559,2.0082242610043326,-0.3648325075694724,2.0082243540431692,-0.03960297294063479
2.0082032649445827,-0.4158485211689045,2.0082032418038103,-0.5130775828799559,2.008203218663169,-0.22674944589528095,2.008203218663169,-0.4630240118575356,2.008196397869162,-0.06631876615242546,2.008195635570411,0.16765098302495982,2.0081912031885976,0.2481149890372269,2.008191180115826,-0.23997725327008904,2.008191133970672,0.14938776137851068,2.0081857385743076,-0.09840489459296094,2.0081853238382075,-0.4275622705872481,2.0081853238382075,-0.4816214161709158,2.0081853007985453,0.023912243227017498,2.008184909144131,8.572859356786616,2.008178923802131,-0.06631876615242546,2.008207965226227,-0.4630240118575356,2.008207965226227,-0.5130775828799559,2.008207988393656,-0.05008205092256839,2.008208034728906,1.714306327617746,2.0082112331250404,-0.5130775828799559,2.0082112563109207,-0.0642221847364021,2.008216197889443,-0.5130775828799559,2.0082163836045286,-0.5130775828799559,2.0082179160743907,-0.05008205092256839,2.0082179625217953,0.1000786621446924,2.0082242377449524,-0.5130775828799559,2.0082242610043326,-0.3648325075694724,2.0082243540431692,-0.03960297294063479,2.0082335753196596,-0.5130775828799559,2.0082346011825205,-0.05008205092256839
2.0082032649445827,-0.5034422704581399,2.0082032418038103,-0.5130775828799559,2.008203218663169,-0.22674944589528095,2.008196397869162,-0.06631876615242546,2.0081912031885976,0.2481149890372269,2.0081912031885976,-0.4455116438299938,2.0081912031885976,-0.5056658252704544,2.0081912031885976,-0.42498308515281935,2.0081912031885976,-0.4396029323913319,2.0081912031885976,0.25980003273258917,2.0081912031885976,-0.4987348572374089,2.0081912031885976,-0.38537500616617665,2.0081858768290144,-0.025666269352828935,2.008185784658691,-0.4270616973368456,2.0081857385743076,-0.09840489459296094,2.008207756725252,-0.4004570480795102,2.008207988393656,-0.05008205092256839,2.008208034728906,1.714306327617746,2.0082112331250404,-0.5130775828799559,2.0082112563109207,-0.0642221847364021,2.008216197889443,-0.5130775828799559,2.0082163836045286,-0.5130775828799559,2.0082179160743907,-0.05008205092256839,2.0082179625217953,0.1000786621446924,2.0082218427332257,-0.5130775828799559,2.0082242610043326,-0.3648325075694724,2.0082243540431692,-0.03960297294063479,2.0082335753196596,-0.5130775828799559,2.0082346245005565,-0.05008205092256839,2.0082346711370245,-0.4630240118575356
2.0082032649445827,-0.5034422704581399,2.0082032418038103,-0.5130775828799559,2.008203218663169,-0.22674944589528095,2.008196397869162,-0.06631876615242546,2.0081912031885976,0.2481149890372269,2.0081912031885976,-0.4455116438299938,2.0081912031885976,-0.5056658252704544,2.0081912031885976,-0.42498308515281935,2.0081912031885976,-0.4396029323913319,2.0081912031885976,0.25980003273258917,2.0081912031885976,-0.4987348572374089,2.0081912031885976,-0.38537500616617665,2.0081912031885976,0.5380481343676495,2.008191157043184,0.0014840138822218379,2.008188250929907,2.509132008668269,2.0082075019051113,-0.4630240118575356,2.008207525069925,-0.4004570480795102,2.008207965226227,-0.4630240118575356,2.008207988393656,-0.05008205092256839,2.008208034728906,1.714306327617746,2.0082112331250404,-0.5130775828799559,2.0082112563109207,-0.0642221847364021,2.008216197889443,-0.5130775828799559,2.0082163836045286,-0.5130775828799559,2.0082179160743907,-0.05008205092256839,2.0082179625217953,0.1000786621446924,2.0082218427332257,-0.5130775828799559,2.0082242610043326,-0.3648325075694724,2.0082243540431692,-0.03960297294063479,2.0082335753196596,-0.5130775828799559
2.0082032649445827,-0.5034422704581399,2.0082032418038103,-0.5130775828799559,2.008203218663169,-0.22674944589528095,2.008196397869162,-0.06631876615242546,2.0081944808424423,2.511184205080188,2.0081912031885976,0.2481149890372269,2.0081912031885976,-0.4455116438299938,2.0081912031885976,-0.5056658252704544,2.0081912031885976,-0.42498308515281935,2.0081912031885976,-0.4396029323913319,2.0081912031885976,0.25980003273258917,2.0081912031885976,-0.38537500616617665,2.0081912031885976,0.5380481343676495,2.0081912031885976,-0.11484982016487855,2.008191157043184,0.0014840138822218379,2.008207293427674,-0.4004570480795102,2.0082073165913106,-0.4630240118575356,2.008207965226227,-0.4630240118575356,2.008207988393656,-0.05008205092256839,2.008208034728906,1.714306327617746,2.0082101667160743,-0.5130775828799559,2.0082112331250404,-0.5130775828799559,2.0082112563109207,-0.0642221847364021,2.008216197889443,-0.5130775828799559,2.0082163836045286,-0.5130775828799559,2.0082179160743907,-0.05008205092256839,2.0082179625217953,0.1000786621446924,2.0082218427332257,-0.5130775828799559,2.0082242610043326,-0.3648325075694724,2.0082243540431692,-0.03960297294063479
2.0082032649445827,-0.5034422704581399,2.0082032418038103,-0.5130775828799559,2.008203218663169,-0.22674944589528095,2.008203218663169,-0.4630240118575356,2.008196397869162,-0.06631876615242546,2.0081944808424423,2.511184205080188,2.0081912031885976,0.2481149890372269,2.0081912031885976,-0.4455116438299938,2.0081912031885976,-0.5056658252704544,2.0081912031885976,-0.42498308515281935,2.0081912031885976,-0.4396029323913319,2.0081912031885976,0.25980003273258917,2.0081912031885976,-0.38537500616617665,2.0081912031885976,0.5380481343676495,2.0081912031885976,-0.11484982016487855,2.008207177611452,-0.4630240118575356,2.0082072007744345,-0.4004570480795102,2.008207965226227,-0.5130775828799559,2.008207988393656,-0.05008205092256839,2.008208034728906,1.714306327617746,2.0082096336154573,-0.5130775828799559,2.0082112331250404,-0.5130775828799559,2.0082112563109207,-0.0642221847364021,2.008216197889443,-0.5130775828799559,2.0082163836045286,-0.5130775828799559,2.0082179160743907,-0.05008205092256839,2.0082179625217953,0.1000786621446924,2.0082218427332257,-0.5130775828799559,2.0082242610043326,-0.3648325075694724,2.0082243540431692,-0.03960297294063479
2.0082032649445827,-0.5034422704581399,2.008203218663169,-0.22674944589528095,2.008196444073644,-0.5130775828799559,2.0081964209713377,-0.5130775828799559,2.008196397869162,-0.06631876615242546,2.0081952660220552,-0.5130775828799559,2.0081912031885976,0.2481149890372269,2.0081912031885976,-0.5056658252704544,2.0081912031885976,-0.42498308515281935,2.0081912031885976,-0.4396029323913319,2.0081912031885976,0.25980003273258917,2.0081912031885976,-0.38537500616617665,2.0081912031885976,0.5380481343676495,2.0081912031885976,-0.11484982016487855,2.0081857385743076,-0.09840489459296094,2.0082069691504882,-0.4630240118575356,2.0082079420589287,-0.5130775828799559,2.008207988393656,-0.05008205092256839,2.008208034728906,1.714306327617746,2.0082112331250404,-0.5130775828799559,2.0082112563109207,-0.0642221847364021,2.008216197889443,-0.5130775828799559,2.0082163836045286,-0.5130775828799559,2.0082179160743907,-0.05008205092256839,2.0082179625217953,0.1000786621446924,2.0082218427332257,-0.5130775828799559,2.0082242610043326,-0.3648325075694724,2.0082243540431692,-0.03960297294063479,2.0082335053837723,-0.05008205092256839,2.008233552007565,-0.150593938656089
2.0082032418038103,-0.4630240118575356,2.0082032418038103,-0.5034422704581399,2.008203218663169,-0.22674944589528095,2.008196444073644,-0.5130775828799559,2.0081964209713377,-0.5130775828799559,2.008196397869162,-0.06631876615242546,2.0081952660220552,-0.5130775828799559,2.0081912031885976,0.2481149890372269,2.0081912031885976,-0.5056658252704544,2.0081912031885976,-0.42498308515281935,2.0081912031885976,-0.4396029323913319,2.0081912031885976,0.25980003273258917,2.0081912031885976,-0.38537500616617665,2.0081912031885976,0.5380481343676495,2.0081912031885976,-0.11484982016487855,2.0082069691504882,-0.4630240118575356,2.008207988393656,-0.05008205092256839,2.008208034728906,1.714306327617746,2.0082112331250404,-0.5130775828799559,2.0082112563109207,-0.0642221847364021,2.008216197889443,-0.5130775828799559,2.0082163836045286,-0.5130775828799559,2.0082179160743907,-0.05008205092256839,2.0082179625217953,0.1000786621446924,2.0082218427332257,-0.5130775828799559,2.0082242610043326,-0.3648325075694724,2.0082243540431692,-0.03960297294063479,2.0082335053837723,-0.05008205092256839,2.008233552007565,-0.150593938656089,2.0082335753196596,-0.5130775828799559
2.0082032418038103,-0.4630240118575356,2.0082032418038103,-0.5034422704581399,2.008203218663169,-0.22674944589528095,2.008196397869162,-0.06631876615242546,2.0081952660220552,-0.5130775828799559,2.0081912031885976,0.2481149890372269,2.0081912031885976,-0.5056658252704544,2.0081912031885976,-0.42498308515281935,2.0081912031885976,-0.4396029323913319,2.0081912031885976,0.25980003273258917,2.0081912031885976,-0.38537500616617665,2.0081912031885976,0.5380481343676495,2.0081912031885976,-0.11484982016487855,2.0081857385743076,-0.09840489459296094,2.0081855772830526,-0.005890729111508505,2.008207988393656,-0.05008205092256839,2.008208034728906,1.714306327617746,2.0082107462518,-0.5130775828799559,2.0082112331250404,-0.5130775828799559,2.0082112563109207,-0.0642221847364021,2.008216197889443,-0.5130775828799559,2.0082163836045286,-0.5130775828799559,2.0082179160743907,-0.05008205092256839,2.0082179625217953,0.1000786621446924,2.0082218427332257,-0.5130775828799559,2.0082242610043326,-0.3648325075694724,2.0082243540431692,-0.03960297294063479,2.0082335753196596,-0.5130775828799559,2.0082346245005565,-0.05008205092256839,2.0082346711370245,-0.4630240118575356
2.0082032418038103,-0.5130775828799559,2.008203218663169,-0.22962752622907015,2.0081964209713377,-0.337890084301485,2.008196397869162,-0.06631876615242546,2.0081912031885976,0.2481149890372269,2.0081912031885976,-0.5056658252704544,2.0081912031885976,0.5380481343676495,2.0081912031885976,-0.11484982016487855,2.008191157043184,-0.022364360406407432,2.0081857385743076,-0.09840489459296094,2.0081855772830526,-0.005890729111508505,2.0081853238382075,-0.4835454754410176,2.0081853238382075,-0.42867100723896573,2.0081853007985453,0.023912243227017498,2.008178923802131,-0.06631876615242546,2.0082111635681854,-0.4630240118575356,2.0082111867536727,-0.5130775828799559,2.0082111867536727,-0.41572338724134844,2.0082112331250404,-0.5130775828799559,2.0082112563109207,-0.0642221847364021,2.008212578122573,1.6767661493509307,2.008216197889443,-0.5130775828799559,2.0082163836045286,-0.5130775828799559,2.0082179160743907,-0.05008205092256839,2.0082179625217953,0.1000786621446924,2.0082234702592032,-0.5130775828799559,2.0082243540431692,-0.03960297294063479,2.0082274022288678,-0.05008205092256839,2.0082274487835656,-0.36477031600747695,2.0082335753196596,-0.5130775828799559
2.0082032418038103,-0.5130775828799559,2.0082032418038103,-0.4630240118575356,2.008203218663169,-0.22962752622907015,2.0081964209713377,-0.337890084301485,2.008196397869162,-0.06631876615242546,2.0081912031885976,-0.5056658252704544,2.0081912031885976,0.5380481343676495,2.0081912031885976,-0.11484982016487855,2.008191157043184,-0.022364360406407432,2.0081857385743076,-0.09840489459296094,2.0081855772830526,-0.005890729111508505,2.0081853238382075,-0.4835454754410176,2.0081853238382075,-0.42867100723896573,2.0081853007985453,0.023912243227017498,2.008178923802131,-0.06631876615242546,2.0082111171976034,-0.4630240118575356,2.0082111171976034,-0.5130775828799559,2.0082111403828287,-0.05008205092256839,2.0082111403828287,-0.41572338724134844,2.008211209939291,-0.5130775828799559,2.0082112331250404,-0.5130775828799559,2.0082112563109207,-0.0642221847364021,2.008213459566788,-0.5130775828799559,2.008216197889443,-0.5130775828799559,2.0082163836045286,-0.5130775828799559,2.0082169408001627,1.6517393638397206,2.0082179160743907,-0.05008205092256839,2.0082179625217953,0.1000786621446924,2.0082234702592032,-0.5130775828799559,2.0082243540431692,-0.03960297294063479
2.0082032418038103,-0.5130775828799559,2.008203218663169,-0.22962752622907015,2.008203218663169,-0.4630240118575356,2.0081964209713377,-0.337890084301485,2.008196397869162,-0.06631876615242546,2.0081912031885976,-0.5056658252704544,2.0081912031885976,0.5380481343676495,2.0081912031885976,-0.11484982016487855,2.008191157043184,-0.022364360406407432,2.0081857385743076,-0.09840489459296094,2.0081855772830526,-0.005890729111508505,2.0081853238382075,-0.4835454754410176,2.0081853238382075,-0.42867100723896573,2.0081853007985453,0.023912243227017498,2.008178923802131,-0.06631876615242546,2.008211070827545,-0.5130775828799559,2.008211070827545,-0.4630240118575356,2.0082110940125086,-0.05008205092256839,2.0082111403828287,-0.41572338724134844,2.0082112331250404,-0.5130775828799559,2.0082112563109207,-0.0642221847364021,2.008216197889443,-0.5130775828799559,2.0082163836045286,-0.5130775828799559,2.0082168943643066,-0.05008205092256839,2.0082169408001627,1.6517393638397206,2.0082179625217953,0.1000786621446924,2.0082234702592032,-0.5130775828799559,2.0082243540431692,-0.03960297294063479,2.0082274022288678,-0.05008205092256839,2.0082274487835656,-0.36477031600747695
2.0082032418038103,-0.5130775828799559,2.008203218663169,-0.22962752622907015,2.008203218663169,-0.4630240118575356,2.0081964209713377,-0.337890084301485,2.008196397869162,-0.06631876615242546,2.0081912031885976,-0.5056658252704544,2.0081912031885976,0.5380481343676495,2.0081912031885976,-0.11484982016487855,2.008191157043184,-0.022364360406407432,2.0081857385743076,-0.09840489459296094,2.0081855772830526,-0.005890729111508505,2.0081853238382075,-0.4835454754410176,2.0081853238382075,-0.42867100723896573,2.0081853007985453,0.023912243227017498,2.008178923802131,-0.06631876615242546,2.00821102445801,-0.4630240118575356,2.00821102445801,-0.5130775828799559,2.008211047642712,-0.41572338724134844,2.0082112331250404,-0.5130775828799559,2.0082112563109207,-0.0642221847364021,2.008216197889443,-0.5130775828799559,2.0082163836045286,-0.5130775828799559,2.0082168943643066,-0.05008205092256839,2.0082169408001627,1.6517393638397206,2.0082179625217953,0.1000786621446924,2.0082243540431692,-0.03960297294063479,2.0082274487835656,-0.36477031600747695,2.0082335753196596,-0.5130775828799559,2.0082346711370245,-0.4630240118575356,2.008235883870639,-0.05008205092256839
2.0082032418038103,-0.5130775828799559,2.008203218663169,-0.22962752622907015,2.0081964209713377,-0.337890084301485,2.008196397869162,-0.06631876615242546,2.0081912031885976,-0.5056658252704544,2.0081912031885976,0.5380481343676495,2.0081912031885976,-0.11484982016487855,2.008191157043184,-0.022364360406407432,2.0081857385743076,-0.09840489459296094,2.0081855772830526,-0.005890729111508505,2.0081853238382075,-0.4835454754410176,2.0081853238382075,-0.42867100723896573,2.0081853007985453,0.023912243227017498,2.008178923802131,-0.06631876615242546,2.0081775438122875,0.16765098302495982,2.00821102445801,-0.4630240118575356,2.00821102445801,-0.5130775828799559,2.008211047642712,-0.41572338724134844,2.008211047642712,-0.4630240118575356,2.0082111867536727,-0.05008205092256839,2.0082112331250404,-0.5130775828799559,2.0082112563109207,-0.0642221847364021,2.008216197889443,-0.5130775828799559,2.0082163836045286,-0.5130775828799559,2.0082168943643066,-0.05008205092256839,2.0082169408001627,1.6517393638397206,2.0082179625217953,0.1000786621446924,2.008224330783263,-0.5130775828799559,2.0082243540431692,-0.03960297294063479,2.0082274022288678,-0.05008205092256839
2.0082032418038103,-0.5130775828799559,2.008203218663169,-0.22962752622907015,2.008203218663169,-0.4630240118575356,2.0081964209713377,-0.337890084301485,2.008196397869162,-0.06631876615242546,2.0081912031885976,-0.5056658252704544,2.0081912031885976,0.5380481343676495,2.0081912031885976,-0.11484982016487855,2.008191157043184,-0.022364360406407432,2.0081857385743076,-0.09840489459296094,2.0081855772830526,-0.005890729111508505,2.0081853238382075,-0.4835454754410176,2.0081853238382075,-0.42867100723896573,2.0081853007985453,0.023912243227017498,2.008180925614906,8.568429615751132,2.008210978088999,-0.4630240118575356,2.008210978088999,-0.5130775828799559,2.0082110012734393,-0.05008205092256839,2.0082110012734393,-0.41572338724134844,2.0082112331250404,-0.5130775828799559,2.0082112563109207,-0.0642221847364021,2.008216197889443,-0.5130775828799559,2.0082163836045286,-0.5130775828799559,2.0082168943643066,-0.05008205092256839,2.0082169408001627,1.6517393638397206,2.0082179625217953,0.1000786621446924,2.008224330783263,-0.5130775828799559,2.0082243540431692,-0.03960297294063479,2.0082274022288678,-0.05008205092256839,2.0082274487835656,-0.36477031600747695
2.0082032418038103,-0.5130775828799559,2.008203218663169,-0.22962752622907015,2.0081964209713377,-0.337890084301485,2.008196397869162,-0.06631876615242546,2.0081912031885976,-0.5056658252704544,2.0081912031885976,0.5380481343676495,2.0081912031885976,-0.11484982016487855,2.008191157043184,-0.022364360406407432,2.0081857385743076,-0.09840489459296094,2.0081855772830526,-0.005890729111508505,2.0081853238382075,-0.4835454754410176,2.0081853238382075,-0.42867100723896573,2.0081853007985453,0.023912243227017498,2.008180925614906,8.568429615751132,2.008178923802131,-0.06631876615242546,2.00821095490469,-0.41572338724134844,2.0082111867536727,-0.4630240118575356,2.008211209939291,-0.5130775828799559,2.008211209939291,-0.05008205092256839,2.0082112331250404,-0.5130775828799559,2.0082112331250404,-0.4630240118575356,2.0082112563109207,-0.0642221847364021,2.008213645158101,-0.5130775828799559,2.008216197889443,-0.5130775828799559,2.0082163836045286,-0.5130775828799559,2.0082168943643066,-0.05008205092256839,2.0082169408001627,1.6517393638397206,2.0082179625217953,0.1000786621446924,2.008224330783263,-0.5130775828799559,2.0082243540431692,-0.03960297294063479
2.0082032418038103,-0.5130775828799559,2.008203218663169,-0.22962752622907015,2.0081964209713377,-0.337890084301485,2.008196397869162,-0.06631876615242546,2.0081912031885976,-0.5056658252704544,2.0081912031885976,0.5380481343676495,2.008191157043184,-0.022364360406407432,2.0081857385743076,-0.09840489459296094,2.0081855772830526,-0.005890729111508505,2.0081853238382075,-0.4835454754410176,2.0081853238382075,-0.42867100723896573,2.0081853007985453,0.023912243227017498,2.008180925614906,8.568429615751132,2.008178923802131,-0.06631876615242546,2.0081775438122875,0.16765098302495982,2.0082110940125086,-0.4630240118575356,2.0082110940125086,-0.5130775828799559,2.0082111171976034,-0.5130775828799559,2.0082111171976034,-0.41572338724134844,2.0082111403828287,-0.05008205092256839,2.0082112331250404,-0.5130775828799559,2.0082112563109207,-0.0642221847364021,2.008213459566788,-0.5130775828799559,2.008216197889443,-0.5130775828799559,2.0082163836045286,-0.5130775828799559,2.0082168943643066,-0.05008205092256839,2.0082179625217953,0.1000786621446924,2.008223423749519,-0.5130775828799559,2.0082242842638447,-0.5130775828799559,2.008224307523488,-0.05008205092256839
2.0082032418038103,-0.5130775828799559,2.008203218663169,-0.22962752622907015,2.008196397869162,-0.06631876615242546,2.0081912262614994,-0.337890084301485,2.0081912031885976,-0.5056658252704544,2.0081912031885976,0.5380481343676495,2.008191157043184,-0.022364360406407432,2.0081857385743076,-0.09840489459296094,2.0081855772830526,-0.005890729111508505,2.0081853238382075,-0.4835454754410176,2.0081853238382075,-0.42867100723896573,2.0081853007985453,0.023912243227017498,2.008178923802131,-0.06631876615242546,2.0081775438122875,0.16765098302495982,2.008177382843806,-0.1291856384146244,2.0082082664130043,-0.5130775828799559,2.0082082664130043,-0.4630240118575356,2.0082082895821336,1.9770875754854524,2.008211070827545,-0.05008205092256839,2.008211070827545,-0.41572338724134844,2.0082112331250404,-0.5130775828799559,2.0082112563109207,-0.0642221847364021,2.008216197889443,-0.5130775828799559,2.0082163836045286,-0.5130775828799559,2.0082179160743907,-0.05008205092256839,2.0082179625217953,0.1000786621446924,2.0082242842638447,-0.5130775828799559,2.0082243540431692,-0.03960297294063479,2.008224540127158,-0.3648270642436237,2.008233528695603,-0.05008205092256839
2.0082032418038103,-0.5130775828799559,2.008203218663169,-0.22962752622907015,2.008196397869162,-0.06631876615242546,2.0081912262614994,-0.337890084301485,2.0081912031885976,-0.5056658252704544,2.0081912031885976,0.5380481343676495,2.008191157043184,-0.022364360406407432,2.0081857385743076,-0.09840489459296094,2.0081855772830526,-0.005890729111508505,2.0081853238382075,-0.4835454754410176,2.0081853238382075,-0.42867100723896573,2.0081853007985453,0.023912243227017498,2.008181800277416,0.16765098302495982,2.008178923802131,-0.06631876615242546,2.008178739776575,8.565939450592765,2.008208104232762,-0.4630240118575356,2.008208104232762,-0.5130775828799559,2.008208127400976,-0.337890084301485,2.008208243244006,-0.05008205092256839,2.0082082895821336,1.9770875754854524,2.0082112331250404,-0.5130775828799559,2.0082112563109207,-0.0642221847364021,2.008216197889443,-0.5130775828799559,2.0082163836045286,-0.5130775828799559,2.0082179160743907,-0.05008205092256839,2.0082179625217953,0.1000786621446924,2.0082219357173554,-0.5130775828799559,2.0082243540431692,-0.03960297294063479,2.008224540127158,-0.3648270642436237,2.008233528695603,-0.05008205092256839
2.0082032418038103,-0.5130775828799559,2.008203218663169,-0.22962752622907015,2.008196397869162,-0.06631876615242546,2.0081912262614994,-0.337890084301485,2.0081912031885976,-0.5056658252704544,2.0081912031885976,0.5380481343676495,2.008191157043184,-0.022364360406407432,2.0081857385743076,-0.09840489459296094,2.0081855772830526,-0.005890729111508505,2.0081853238382075,-0.4835454754410176,2.0081853238382075,-0.42867100723896573,2.0081853007985453,0.023912243227017498,2.008181800277416,0.16765098302495982,2.008178923802131,-0.06631876615242546,2.008178739776575,8.565939450592765,2.008208104232762,-0.4630240118575356,2.008208104232762,-0.5130775828799559,2.008208127400976,-0.337890084301485,2.0082082895821336,1.9770875754854524,2.0082108853525487,-0.5130775828799559,2.0082112331250404,-0.5130775828799559,2.0082112563109207,-0.0642221847364021,2.008216197889443,-0.5130775828799559,2.0082163836045286,-0.5130775828799559,2.0082179160743907,-0.05008205092256839,2.0082179625217953,0.1000786621446924,2.0082219357173554,-0.5130775828799559,2.0082243540431692,-0.03960297294063479,2.008224540127158,-0.3648270642436237,2.008233528695603,-0.05008205092256839
2.0082032418038103,-0.5130775828799559,2.008203218663169,-0.22962752622907015,2.008196397869162,-0.06631876615242546,2.0081912262614994,-0.337890084301485,2.0081912031885976,-0.5056658252704544,2.0081912031885976,0.5380481343676495,2.008191157043184,-0.022364360406407432,2.0081863607572665,0.16765098302495982,2.0081857385743076,-0.09840489459296094,2.0081855772830526,-0.005890729111508505,2.0081853238382075,-0.4835454754410176,2.0081853238382075,-0.42867100723896573,2.0081853007985453,0.023912243227017498,2.008178923802131,-0.06631876615242546,2.008178739776575,8.565939450592765,2.0082080578967276,-0.4630240118575356,2.008208104232762,-0.5130775828799559,2.008208127400976,-0.337890084301485,2.008208127400976,-0.4630240118575356,2.0082082895821336,1.9770875754854524,2.0082111403828287,-0.5130775828799559,2.0082112331250404,-0.5130775828799559,2.0082112563109207,-0.0642221847364021,2.008216197889443,-0.5130775828799559,2.0082163836045286,-0.5130775828799559,2.0082179160743907,-0.05008205092256839,2.0082179625217953,0.1000786621446924,2.0082218892250276,-0.5130775828799559,2.0082243540431692,-0.03960297294063479,2.008224540127158,-0.3648270642436237
2.0082032418038103,-0.5130775828799559,2.008203218663169,-0.22962752622907015,2.008196397869162,-0.06631876615242546,2.0081912031885976,-0.5056658252704544,2.0081912031885976,0.5380481343676495,2.008191157043184,-0.022364360406407432,2.0081863607572665,0.16765098302495982,2.0081857385743076,-0.09840489459296094,2.0081855772830526,-0.005890729111508505,2.0081853238382075,-0.4835454754410176,2.0081853238382075,-0.42867100723896573,2.0081853007985453,0.023912243227017498,2.0081802582351123,8.570118923773137,2.008178923802131,-0.06631876615242546,2.008177382843806,-0.1291856384146244,2.008208104232762,-0.5130775828799559,2.008208104232762,-0.4630240118575356,2.008208127400976,-0.337890084301485,2.008208127400976,-0.5130775828799559,2.0082082895821336,1.9770875754854524,2.0082091469318737,-0.5130775828799559,2.0082112331250404,-0.5130775828799559,2.0082112563109207,-0.0642221847364021,2.008216197889443,-0.5130775828799559,2.0082163836045286,-0.5130775828799559,2.0082179160743907,-0.05008205092256839,2.0082179625217953,0.1000786621446924,2.008224330783263,-0.5130775828799559,2.0082243540431692,-0.03960297294063479,2.008224540127158,-0.3648270642436237
2.0082032418038103,-0.5130775828799559,2.008203218663169,-0.22962752622907015,2.008196397869162,-0.06631876615242546,2.0081912031885976,-0.5056658252704544,2.0081912031885976,0.5380481343676495,2.008191157043184,-0.022364360406407432,2.0081863607572665,0.16765098302495982,2.0081857385743076,-0.09840489459296094,2.0081855772830526,-0.005890729111508505,2.0081853238382075,-0.4835454754410176,2.0081853238382075,-0.42867100723896573,2.0081853007985453,0.023912243227017498,2.0081802582351123,8.570118923773137,2.008178923802131,-0.06631876615242546,2.008177382843806,-0.1291856384146244,2.0082082200751383,-0.5130775828799559,2.0082082664130043,-0.5130775828799559,2.0082082895821336,1.4365145268495185,2.008210769434931,-0.5130775828799559,2.0082112331250404,-0.5130775828799559,2.0082112563109207,-0.0642221847364021,2.008216197889443,-0.5130775828799559,2.0082163836045286,-0.5130775828799559,2.0082179160743907,-0.05008205092256839,2.0082179625217953,0.1000786621446924,2.008224330783263,-0.5130775828799559,2.0082243540431692,-0.03960297294063479,2.008224540127158,-0.3648270642436237,2.008233528695603,-0.05008205092256839,2.0082335753196596,-0.5130775828799559
2.0082032649445827,-0.5130775828799559,2.0082032418038103,-0.5130775828799559,2.0082032418038103,-0.4630240118575356,2.008203218663169,-0.22962752622907015,2.008196397869162,-0.06631876615242546,2.0081912031885976,-0.5056658252704544,2.0081912031885976,0.5380481343676495,2.008191157043184,-0.022364360406407432,2.008190234244079,0.16765098302495982,2.0081857385743076,-0.09840489459296094,2.0081855772830526,-0.005890729111508505,2.0081853238382075,-0.4835454754410176,2.0081853238382075,-0.42867100723896573,2.0081853007985453,0.023912243227017498,2.0081802582351123,8.570118923773137,2.008208243244006,-0.5130775828799559,2.0082082664130043,-0.5130775828799559,2.0082082895821336,1.4365145268495185,2.008209216454567,-0.5130775828799559,2.0082112331250404,-0.5130775828799559,2.0082112563109207,-0.0642221847364021,2.008216197889443,-0.5130775828799559,2.0082163836045286,-0.5130775828799559,2.0082179160743907,-0.05008205092256839,2.0082179625217953,0.1000786621446924,2.008224330783263,-0.5130775828799559,2.0082243540431692,-0.03960297294063479,2.008224540127158,-0.3648270642436237,2.008233528695603,-0.05008205092256839,2.0082335753196596,-0.5130775828799559
2.0082032418038103,-0.48805079736874574,2.008203218663169,-0.22962752622907015,2.008196605793433,-0.05008205092256839,2.008196559587128,-0.337890084301485,2.008196397869162,-0.06631876615242546,2.0081914339234657,0.16765098302495982,2.0081912031885976,-0.5056658252704544,2.0081912031885976,0.5380481343676495,2.008191157043184,-0.022364360406407432,2.0081857385743076,-0.09840489459296094,2.0081855772830526,-0.005890729111508505,2.008178923802131,-0.06631876615242546,2.0081774058389152,-0.43041147001055735,2.0081774058389152,-0.48376040547498794,2.008177382843806,-0.1291856384146244,2.008211209939291,-0.5005641901243507,2.008211209939291,-0.5130775828799559,2.0082112331250404,-0.5130775828799559,2.0082112563109207,-0.0642221847364021,2.0082127868685786,-0.5130775828799559,2.008216197889443,-0.5130775828799559,2.0082163836045286,-0.5130775828799559,2.0082169872365436,-0.4630240118575356,2.008217010454931,-0.05008205092256839,2.0082170568920987,1.8644670406850068,2.0082179625217953,0.1000786621446924,2.008224330783263,-0.5130775828799559,2.0082243540431692,-0.03960297294063479,2.0082274487835656,-0.05008205092256839,2.00822749533879,-0.36476941504319865
2.008203218663169,-0.22962752622907015,2.008196397869162,-0.06631876615242546,2.008191157043184,-0.022364360406407432,2.0081857385743076,-0.09840489459296094,2.008178923802131,-0.06631876615242546,2.0081774058389152,-0.43041147001055735,2.0081774058389152,-0.48376040547498794,2.008177382843806,-0.1291856384146244,2.0081767160418846,8.564512923818627,2.008171178892058,0.4283215218562217,2.0081670710883435,-0.09840489459296094,2.008159165453173,0.9259625840146267,2.008158043864915,-0.1928669573577146,2.008157975206264,0.45336108354143534,2.0081579523203033,-0.4921872995583951,2.0082083359207843,-0.5005641901243507,2.008208359090306,1.6267125783285106,2.0082103521586054,-0.5130775828799559,2.008211209939291,-0.5130775828799559,2.0082112331250404,-0.5130775828799559,2.0082112563109207,-0.0642221847364021,2.008216197889443,-0.5130775828799559,2.0082163836045286,-0.5130775828799559,2.0082179160743907,-0.05008205092256839,2.0082179625217953,0.1000786621446924,2.008224330783263,-0.5130775828799559,2.0082243540431692,-0.03960297294063479,2.0082246099108247,-0.3648257002838133,2.0082274487835656,-0.05008205092256839,2.0082335753196596,-0.5130775828799559
2.008204445297115,0.16765098302495982,2.008204445297115,-0.5130775828799559,2.008204445297115,-0.337890084301485,2.008204422149683,-0.05008205092256839,2.0082042832678324,-0.5130775828799559,2.0082040980993465,-0.5130775828799559,2.008203218663169,-0.22962752622907015,2.008201321574721,-0.5130775828799559,2.008196397869162,-0.06631876615242546,2.008191157043184,-0.022364360406407432,2.0081857385743076,-0.09840489459296094,2.008178923802131,-0.06631876615242546,2.0081774058389152,-0.43041147001055735,2.0081774058389152,-0.48376040547498794,2.008177382843806,-0.1291856384146244,2.0082111403828287,-0.5005641901243507,2.0082111403828287,-0.5130775828799559,2.0082111635681854,-0.41572338724134844,2.0082111635681854,-0.5130775828799559,2.008211209939291,-0.5130775828799559,2.0082112331250404,-0.5130775828799559,2.0082112563109207,-0.0642221847364021,2.0082137611569313,-0.5130775828799559,2.0082163836045286,-0.5130775828799559,2.008217033673449,-0.05008205092256839,2.00821708011088,1.927034004463032,2.0082179625217953,0.1000786621446924,2.008224330783263,-0.5130775828799559,2.0082243540431692,-0.03960297294063479,2.008227425506151,-0.36477077900300897
2.0082048388234464,0.16765098302495982,2.0082048156737935,-0.4630240118575356,2.0082048156737935,-0.48805079736874574,2.0082047925242716,-0.05008205092256839,2.00820476937488,-0.5130775828799559,2.008204723076489,-0.4004570480795102,2.008204561036235,-0.5130775828799559,2.0082040980993465,-0.5130775828799559,2.008203218663169,-0.22962752622907015,2.008201321574721,-0.5130775828799559,2.008196397869162,-0.06631876615242546,2.008191157043184,-0.022364360406407432,2.0081857385743076,-0.09840489459296094,2.008178923802131,-0.06631876615242546,2.0081774058389152,-0.43041147001055735,2.0082111171976034,-0.41572338724134844,2.0082111635681854,-0.5130775828799559,2.008211209939291,-0.5005641901243507,2.0082112331250404,-0.5130775828799559,2.0082112563109207,-0.0642221847364021,2.008212462157155,-0.5130775828799559,2.0082137611569313,-0.5130775828799559,2.0082163836045286,-0.5130775828799559,2.008217033673449,-0.05008205092256839,2.0082179625217953,0.1000786621446924,2.008224330783263,-0.5130775828799559,2.0082243540431692,-0.03960297294063479,2.0082273789517164,-0.05008205092256839,2.008227425506151,-0.36477077900300897,2.0082335753196596,-0.5130775828799559
2.0082049545736695,-0.4004570480795102,2.008204931423364,0.16765098302495982,2.0082049082731883,-0.05008205092256839,2.0082048851231438,-0.48805079736874574,2.008204561036235,-0.5130775828799559,2.0082032418038103,-0.5130775828799559,2.008203218663169,-0.22962752622907015,2.008201321574721,-0.5130775828799559,2.008196397869162,-0.06631876615242546,2.008191157043184,-0.022364360406407432,2.0081857385743076,-0.09840489459296094,2.0081798670630957,-0.059984999788641157,2.008178923802131,-0.06631876615242546,2.008177428834154,-0.5016895821018261,2.0081774058389152,-0.43041147001055735,2.0082088688528756,-0.5130775828799559,2.0082088688528756,-0.5005641901243507,2.0082088688528756,-0.4630240118575356,2.0082088920254058,1.8144134696625867,2.0082111635681854,-0.5130775828799559,2.0082112331250404,-0.5130775828799559,2.0082112563109207,-0.0642221847364021,2.0082137611569313,-0.5130775828799559,2.0082163836045286,-0.5130775828799559,2.0082179160743907,-0.05008205092256839,2.0082179625217953,0.1000786621446924,2.008224330783263,-0.5130775828799559,2.0082243540431692,-0.03960297294063479,2.0082251449582804,-0.36481526411425513,2.0082335753196596,-0.5130775828799559
2.008205440760273,-0.4630240118575356,2.008205440760273,0.16765098302495982,2.008205440760273,-0.5130775828799559,2.008205440760273,-0.48805079736874574,2.0082054176072233,-0.05008205092256839,2.0082032649445827,-0.5130775828799559,2.0082032418038103,-0.5130775828799559,2.008203218663169,-0.22962752622907015,2.008201321574721,-0.5130775828799559,2.008196397869162,-0.06631876615242546,2.008191157043184,-0.022364360406407432,2.008188135650489,-0.48157863288108443,2.008188112594995,0.010616613263474062,2.0081857385743076,-0.09840489459296094,2.0081841029148126,-0.4293413872290618,2.0082088688528756,-0.5005641901243507,2.0082088688528756,-0.5130775828799559,2.0082088920254058,1.8144134696625867,2.008211209939291,-0.5130775828799559,2.0082112331250404,-0.5130775828799559,2.0082112563109207,-0.0642221847364021,2.0082137611569313,-0.5130775828799559,2.0082163836045286,-0.5130775828799559,2.0082179160743907,-0.05008205092256839,2.0082179625217953,0.1000786621446924,2.008224330783263,-0.5130775828799559,2.0082243540431692,-0.03960297294063479,2.0082251449582804,-0.36481526411425513,2.008233528695603,-0.05008205092256839,2.0082335753196596,-0.5130775828799559
2.0082056028352784,-0.48805079736874574,2.0082056028352784,0.16765098302495982,2.0082055796813143,-0.05008205092256839,2.008205556527481,-0.4630240118575356,2.008205556527481,-0.5130775828799559,2.008205533373778,-0.337890084301485,2.0082032649445827,-0.5130775828799559,2.0082032418038103,-0.5130775828799559,2.008203218663169,-0.22962752622907015,2.008201321574721,-0.5130775828799559,2.008196397869162,-0.06631876615242546,2.008191157043184,-0.022364360406407432,2.0081892424669108,-0.18267795233324868,2.008188135650489,-0.48157863288108443,2.008188112594995,0.010616613263474062,2.0082106535205857,-0.5130775828799559,2.008210676703193,-0.5130775828799559,2.008211209939291,-0.5130775828799559,2.0082112331250404,-0.5130775828799559,2.0082112331250404,-0.5005641901243507,2.0082112563109207,-0.0642221847364021,2.0082137611569313,-0.5130775828799559,2.0082163836045286,-0.5130775828799559,2.0082179625217953,0.1000786621446924,2.0082180554181797,1.5766590073060902,2.0082242842638447,-0.05008205092256839,2.008224330783263,-0.5130775828799559,2.0082243540431692,-0.03960297294063479,2.008226913436349,-0.3647807646904279,2.0082335753196596,-0.5130775828799559
2.0082058112268366,0.16765098302495982,2.008205788071696,-0.337890084301485,2.0082057649166867,-0.5130775828799559,2.0082056491435987,-0.5130775828799559,2.0082032418038103,-0.5130775828799559,2.0082032418038103,-0.05008205092256839,2.008203218663169,-0.22962752622907015,2.008201321574721,-0.5130775828799559,2.008196397869162,-0.06631876615242546,2.0081892424669108,-0.18267795233324868,2.0081882048177504,0.09575886377795896,2.008188135650489,-0.48157863288108443,2.008188112594995,0.010616613263474062,2.0081857385743076,-0.09840489459296094,2.0081841029148126,-0.4293413872290618,2.0082106303381098,-0.41572338724134844,2.0082111867536727,-0.5130775828799559,2.0082111867536727,-0.5005641901243507,2.008211209939291,-0.5130775828799559,2.0082112331250404,-0.5130775828799559,2.0082112563109207,-0.0642221847364021,2.008212346195012,-0.5130775828799559,2.008214921325461,-0.5130775828799559,2.0082163836045286,-0.5130775828799559,2.0082179625217953,0.1000786621446924,2.0082180089697252,-0.05008205092256839,2.0082180554181797,1.5766590073060902,2.0082243540431692,-0.03960297294063479,2.0082268668877097,-0.05008205092256839,2.0082268901619633,-0.5130775828799559
2.008206181726854,0.16765098302495982,2.008206181726854,-0.05008205092256839,2.0082061585696227,-0.48805079736874574,2.008206112255552,-0.4004570480795102,2.008206112255552,-0.4630240118575356,2.0082032649445827,-0.5130775828799559,2.0082032418038103,-0.5130775828799559,2.008203218663169,-0.22962752622907015,2.008201321574721,-0.5130775828799559,2.008196397869162,-0.06631876615242546,2.0081892424669108,-0.18267795233324868,2.008188297042583,0.057624074114182924,2.008188135650489,-0.4875475963058646,2.008188112594995,0.010616613263474062,2.0081857385743076,-0.09840489459296094,2.0082111867536727,-0.41572338724134844,2.0082111867536727,-0.5005641901243507,2.0082111867536727,-0.5130775828799559,2.0082112331250404,-0.5130775828799559,2.0082112563109207,-0.0642221847364021,2.008216081821778,-0.5130775828799559,2.0082163836045286,-0.5130775828799559,2.0082179625217953,0.1000786621446924,2.0082180554181797,1.5766590073060902,2.0082243540431692,-0.03960297294063479,2.0082268436135875,-0.5130775828799559,2.0082268668877097,-0.05008205092256839,2.008226913436349,-0.3647807646904279,2.0082335753196596,-0.5130775828799559,2.0082346711370245,-0.4630240118575356
2.008206274357086,0.16765098302495982,2.008206251199332,-0.337890084301485,2.0082062048842158,-0.5130775828799559,2.0082032418038103,-0.5130775828799559,2.008203218663169,-0.22962752622907015,2.008201321574721,-0.5130775828799559,2.008196397869162,-0.06631876615242546,2.0081892424669108,-0.18267795233324868,2.008188297042583,0.057624074114182924,2.008188135650489,-0.4875475963058646,2.008188112594995,0.010616613263474062,2.0081857385743076,-0.09840489459296094,2.0081841029148126,-0.4293413872290618,2.008184079882023,0.05060710153272809,2.0081798670630957,-0.059984999788641157,2.0082111635681854,-0.5005641901243507,2.0082111867536727,-0.41572338724134844,2.0082111867536727,-0.5130775828799559,2.0082111867536727,-0.4630240118575356,2.008211209939291,-0.5130775828799559,2.0082112331250404,-0.5130775828799559,2.0082112563109207,-0.0642221847364021,2.008216081821778,-0.5130775828799559,2.0082163836045286,-0.5130775828799559,2.0082179625217953,0.1000786621446924,2.0082180554181797,1.5766590073060902,2.0082243540431692,-0.03960297294063479,2.0082268436135875,-0.5130775828799559,2.0082268668877097,-0.05008205092256839,2.008226913436349,-0.3647807646904279
2.0082070849608273,0.16765098302495982,2.008207061798498,-0.48805079736874574,2.0082033575089775,-0.4630240118575356,2.0082033343676833,-0.05008205092256839,2.0082032649445827,-0.5130775828799559,2.0082032418038103,-0.5130775828799559,2.008203218663169,-0.22962752622907015,2.008201321574721,-0.5130775828799559,2.008196397869162,-0.06631876615242546,2.0081912031885976,-0.5013435242251699,2.0081912031885976,-0.4135620239910293,2.0081892424669108,-0.18267795233324868,2.008188297042583,0.057624074114182924,2.008188135650489,-0.4875475963058646,2.008188112594995,0.010616613263474062,2.0082111867536727,-0.41572338724134844,2.0082111867536727,-0.5130775828799559,2.008211209939291,-0.5005641901243507,2.0082112563109207,-0.0642221847364021,2.008213157998791,-0.5130775828799559,2.008216058608638,-0.5005641901243507,2.008216058608638,-0.4630240118575356,2.008216081821778,-0.5130775828799559,2.0082163836045286,-0.5130775828799559,2.0082179160743907,-0.05008205092256839,2.0082179625217953,0.1000786621446924,2.0082180554181797,1.5766590073060902,2.0082243540431692,-0.03960297294063479,2.0082268436135875,-0.5130775828799559,2.0082268668877097,-0.05008205092256839
2.0082033806504027,-0.4630240118575356,2.0082033806504027,0.16765098302495982,2.0082033575089775,-0.5130775828799559,2.0082033575089775,-0.05008205092256839,2.0082032418038103,-0.5130775828799559,2.008203218663169,-0.22962752622907015,2.008201321574721,-0.5130775828799559,2.008196397869162,-0.06631876615242546,2.0081912031885976,-0.5013435242251699,2.0081912031885976,-0.4135620239910293,2.0081892424669108,-0.18267795233324868,2.008188297042583,0.057624074114182924,2.008188135650489,-0.4875475963058646,2.008188112594995,0.010616613263474062,2.0081857385743076,-0.09840489459296094,2.0082111635681854,-0.5005641901243507,2.0082111635681854,-0.5130775828799559,2.0082112331250404,-0.5130775828799559,2.0082112563109207,-0.0642221847364021,2.0082132971812685,-0.4630240118575356,2.008216058608638,-0.5005641901243507,2.008216081821778,-0.5130775828799559,2.0082163836045286,-0.5130775828799559,2.0082179160743907,-0.05008205092256839,2.0082179625217953,0.1000786621446924,2.0082180554181797,1.5766590073060902,2.0082243540431692,-0.03960297294063479,2.0082268668877097,-0.05008205092256839,2.008226913436349,-0.3647807646904279,2.0082335753196596,-0.5130775828799559
2.0082035657865043,-0.05008205092256839,2.0082034732174088,-0.5130775828799559,2.0082034732174088,0.16765098302495982,2.0082034500754617,-0.48805079736874574,2.0082034500754617,-0.5130775828799559,2.008203218663169,-0.22962752622907015,2.008201321574721,-0.5130775828799559,2.008196397869162,-0.06631876615242546,2.0081912031885976,-0.5013435242251699,2.0081912031885976,-0.4135620239910293,2.0081892424669108,-0.18267795233324868,2.008188297042583,0.057624074114182924,2.008188135650489,-0.4875475963058646,2.008188112594995,0.010616613263474062,2.0081857385743076,-0.09840489459296094,2.0082111171976034,-0.5005641901243507,2.0082112331250404,-0.5130775828799559,2.0082112563109207,-0.0642221847364021,2.008212694091266,-0.5130775828799559,2.008216058608638,-0.5005641901243507,2.008216081821778,-0.5130775828799559,2.0082163836045286,-0.5130775828799559,2.0082179160743907,-0.05008205092256839,2.0082179625217953,0.1000786621446924,2.0082180554181797,1.5766590073060902,2.008224330783263,-0.5130775828799559,2.0082243540431692,-0.03960297294063479,2.0082268668877097,-0.05008205092256839,2.008226913436349,-0.3647807646904279,2.0082335753196596,-0.5130775828799559
2.00820435270817,0.16765098302495982,2.00820435270817,-0.36746577588739093,2.0082042832678324,-0.5130775828799559,2.008204260121315,-0.05008205092256839,2.0082040980993465,-0.5130775828799559,2.008203218663169,-0.22962752622907015,2.008201321574721,-0.5130775828799559,2.008196397869162,-0.06631876615242546,2.0081912031885976,-0.5013435242251699,2.0081912031885976,-0.4135620239910293,2.0081912031885976,0.5257037725213871,2.0081912031885976,0.552996908648136,2.0081892424669108,-0.18267795233324868,2.008188297042583,0.057624074114182924,2.008188135650489,-0.4875475963058646,2.0082111867536727,-0.5005641901243507,2.0082112331250404,-0.5130775828799559,2.0082112563109207,-0.0642221847364021,2.008212369387179,-0.5130775828799559,2.008216058608638,-0.5005641901243507,2.008216058608638,-0.4630240118575356,2.008216081821778,-0.5130775828799559,2.0082163836045286,-0.5130775828799559,2.0082179160743907,-0.05008205092256839,2.0082179625217953,0.1000786621446924,2.0082180554181797,1.5766590073060902,2.008224330783263,-0.5130775828799559,2.0082243540431692,-0.03960297294063479,2.0082268668877097,-0.05008205092256839,2.008226913436349,-0.3647807646904279
2.0082046767786204,-0.5130775828799559,2.0082046767786204,-0.337890084301485,2.008204653629882,-0.05008205092256839,2.008204607332797,-0.48805079736874574,2.0082032649445827,-0.5130775828799559,2.0082032418038103,-0.5130775828799559,2.008203218663169,-0.22962752622907015,2.008201321574721,-0.5130775828799559,2.008196397869162,-0.06631876615242546,2.0081912031885976,-0.5013435242251699,2.0081912031885976,-0.4135620239910293,2.0081912031885976,0.5257037725213871,2.0081912031885976,0.552996908648136,2.0081892424669108,-0.18267795233324868,2.0081892424669108,-0.08772821762602359,2.0082111635681854,-0.5005641901243507,2.0082111635681854,-0.5130775828799559,2.0082111867536727,-0.41572338724134844,2.0082112563109207,-0.0642221847364021,2.008216058608638,-0.5005641901243507,2.008216081821778,-0.5130775828799559,2.0082163836045286,-0.5130775828799559,2.0082179160743907,-0.05008205092256839,2.0082179625217953,0.1000786621446924,2.0082180554181797,1.5766590073060902,2.008224330783263,-0.5130775828799559,2.0082243540431692,-0.03960297294063479,2.0082268668877097,-0.05008205092256839,2.008226913436349,-0.3647807646904279,2.0082335753196596,-0.5130775828799559
2.0082051629323017,-0.4630240118575356,2.0082051629323017,-0.48805079736874574,2.00820513978082,-0.337890084301485,2.008205116629469,-0.5130775828799559,2.008205070327159,-0.05008205092256839,2.008203218663169,-0.22962752622907015,2.008201321574721,-0.5130775828799559,2.008196397869162,-0.06631876615242546,2.0081912031885976,-0.5013435242251699,2.0081912031885976,-0.4135620239910293,2.0081912031885976,0.5511781620914653,2.0081912031885976,0.5323387487621917,2.0081892424669108,-0.18267795233324868,2.0081892424669108,-0.08772821762602359,2.008188297042583,0.057624074114182924,2.0082111867536727,-0.5005641901243507,2.008211209939291,-0.41572338724134844,2.0082112331250404,-0.5130775828799559,2.0082112563109207,-0.0642221847364021,2.008216058608638,-0.5005641901243507,2.008216081821778,-0.5130775828799559,2.0082163836045286,-0.5130775828799559,2.0082179160743907,-0.05008205092256839,2.0082179625217953,0.1000786621446924,2.0082180554181797,1.5766590073060902,2.008224330783263,-0.5130775828799559,2.0082243540431692,-0.03960297294063479,2.0082268668877097,-0.05008205092256839,2.008226913436349,-0.3647807646904279,2.0082335753196596,-0.5130775828799559
2.008205324996332,0.16765098302495982,2.0082053018439354,-0.48805079736874574,2.0082053018439354,-0.4630240118575356,2.00820527869167,-0.05008205092256839,2.008205255539535,-0.337890084301485,2.0082051629323017,-0.5130775828799559,2.008203218663169,-0.22962752622907015,2.008201321574721,-0.5130775828799559,2.008196397869162,-0.06631876615242546,2.0081912031885976,-0.5013435242251699,2.0081912031885976,-0.4135620239910293,2.0081912031885976,0.5511781620914653,2.0081912031885976,0.5323387487621917,2.0081892424669108,-0.18267795233324868,2.0081892424669108,-0.08772821762602359,2.0082111867536727,-0.5005641901243507,2.0082111867536727,-0.5130775828799559,2.008211209939291,-0.41572338724134844,2.0082112563109207,-0.0642221847364021,2.008216058608638,-0.5005641901243507,2.008216081821778,-0.5130775828799559,2.0082163836045286,-0.5130775828799559,2.0082179160743907,-0.05008205092256839,2.0082179625217953,0.1000786621446924,2.0082180554181797,1.5766590073060902,2.008224330783263,-0.5130775828799559,2.0082243540431692,-0.03960297294063479,2.0082268668877097,-0.05008205092256839,2.008226913436349,-0.3647807646904279,2.0082335753196596,-0.5130775828799559
2.0082057649166867,-0.48805079736874574,2.0082057417618078,0.16765098302495982,2.0082057186070594,-0.337890084301485,2.0082056259893735,-0.5130775828799559,2.008203218663169,-0.22962752622907015,2.008201321574721,-0.5130775828799559,2.008196397869162,-0.06631876615242546,2.0081912031885976,-0.5013435242251699,2.0081912031885976,-0.4135620239910293,2.0081912031885976,0.5511781620914653,2.0081912031885976,0.5323387487621917,2.0081892424669108,-0.18267795233324868,2.0081892424669108,-0.08772821762602359,2.008188297042583,0.057624074114182924,2.008188135650489,-0.4875475963058646,2.0082103985205473,-0.4630240118575356,2.0082103985205473,-0.5005641901243507,2.0082104217017145,1.6517393638397206,2.0082111635681854,-0.41572338724134844,2.0082112331250404,-0.5130775828799559,2.0082112563109207,-0.0642221847364021,2.0082135291625476,-0.5130775828799559,2.008216058608638,-0.5005641901243507,2.008216058608638,-0.5130775828799559,2.008216081821778,-0.5130775828799559,2.0082163836045286,-0.5130775828799559,2.0082179160743907,-0.05008205092256839,2.0082179625217953,0.1000786621446924,2.008224330783263,-0.5130775828799559,2.0082243540431692,-0.03960297294063479
