2.0085257090587123,-0.32093640172030263,2.0085257090587123,-0.4630240118575356,2.0085256840630104,-0.4319823637969178,2.0085256840630104,-0.5092864503303612,2.0085256590674545,-0.4505106191019305,2.0085256590674545,-0.5130775828799559,2.0085256340720457,0.0806824904315436,2.008525559086698,-0.48805079736874574,2.008524434464746,-0.5130775828799559,2.008524209575959,-0.5130775828799559,2.008520887602226,-0.5130775828799559,2.008520837667494,-0.40108271771729054,2.008519514610323,0.18141571505612525,2.008517992354897,-0.1265001016551657,2.008506107549024,-0.1265001016551657,2.0085411844872354,-0.47997769443871785,2.0085412095739086,-0.08762222918938363,2.008541259747698,1.0010429405482573,2.008541962242647,-0.5130775828799559,2.0085434930782426,0.06291090747306954,2.0085460791776013,-0.41550248831903375,2.0085502000829147,-0.5130775828799559,2.008550828618812,-0.5130775828799559,2.008550878905676,-0.08762222918938363,2.008550929193131,2.611992097119342,2.008550929193131,-0.2811979456945393,2.008552513550793,-0.5130775828799559,2.008552538704061,-0.5130775828799559,2.0085536959143453,0.06358461602563857,2.008556162319932,-0.5130775828799559
2.0085261090098805,-0.4319823637969178,2.0085260840118333,-0.4004570480795102,2.0085260590139327,-0.5130775828799559,2.008526034016178,-0.11264901470059371,2.008526034016178,-0.4954240637821309,2.008526034016178,0.12635678693146304,2.0085257840466983,-0.48805079736874574,2.0085231852327317,-0.5030297539525587,2.008520887602226,-0.5130775828799559,2.008520837667494,-0.40108271771729054,2.008519514610323,0.18141571505612525,2.008517992354897,-0.1265001016551657,2.008506107549024,-0.1265001016551657,2.0085041672759174,0.5655004909038207,2.0085041672759174,-0.5045316989448356,2.0085412346607296,-0.5130775828799559,2.0085412346607296,-0.4819344386906973,2.008541259747698,1.0010429405482573,2.0085420124252793,-0.5130775828799559,2.0085434930782426,0.06291090747306954,2.0085460540623146,-0.2878365132790647,2.0085460791776013,-0.41550248831903375,2.0085501246648163,-0.08762222918938363,2.0085502000829147,-0.5130775828799559,2.008550828618812,-0.5130775828799559,2.008552513550793,-0.5130775828799559,2.008552538704061,-0.5130775828799559,2.0085536959143453,0.06358461602563857,2.0085536959143453,-0.2811190362398225,2.0085542494734487,-0.08762222918938363
2.008526209003536,-0.4319823637969178,2.0085261840049022,-0.4630240118575356,2.0085261840049022,-0.5080536684162573,2.0085261840049022,-0.5130775828799559,2.008526159006415,-0.11264901470059371,2.008526159006415,-0.4505106191019305,2.0085261340080747,-0.32093640172030263,2.0085261340080747,-0.48805079736874574,2.008526034016178,0.12635678693146304,2.0085242345630157,-0.5130775828799559,2.0085231852327317,-0.5030297539525587,2.008520887602226,-0.5130775828799559,2.008520837667494,-0.40108271771729054,2.008519514610323,0.18141571505612525,2.008517992354897,-0.1265001016551657,2.0085412346607296,-0.5130775828799559,2.008541259747698,1.0010429405482573,2.0085420124252793,-0.5130775828799559,2.0085434930782426,0.06291090747306954,2.0085460540623146,-0.2878365132790647,2.0085460791776013,-0.41550248831903375,2.0085502000829147,-0.5130775828799559,2.008550828618812,-0.5130775828799559,2.008552513550793,-0.5130775828799559,2.008552538704061,-0.5130775828799559,2.008553645594343,-0.08762222918938363,2.0085536959143453,0.06358461602563857,2.0085536959143453,-0.2811190362398225,2.0085541991469333,2.616747186366472,2.0085561371453453,-0.2753231205234596
2.008526408997883,-0.48805079736874574,2.0085263839980767,-0.4505106191019305,2.0085263589984166,-0.39320813976333024,2.0085263589984166,-0.5080536684162573,2.0085263589984166,-0.4630240118575356,2.0085263339989035,-0.11264901470059371,2.008526284000317,0.12635678693146304,2.0085261340080747,-0.48805079736874574,2.0085254341140497,-0.5130775828799559,2.0085231852327317,-0.5030297539525587,2.008520887602226,-0.5130775828799559,2.008520837667494,-0.40108271771729054,2.008519514610323,0.18141571505612525,2.008517992354897,-0.1265001016551657,2.008506107549024,-0.1265001016551657,2.0085412346607296,-0.5130775828799559,2.0085412346607296,-0.48805079736874574,2.008541259747698,1.0010429405482573,2.0085420124252793,-0.5130775828799559,2.0085434930782426,0.06291090747306954,2.0085460540623146,-0.2878365132790647,2.0085460791776013,-0.41550248831903375,2.0085502000829147,-0.5130775828799559,2.008550828618812,-0.5130775828799559,2.008552513550793,-0.5130775828799559,2.008552538704061,-0.5130775828799559,2.008553645594343,-0.08762222918938363,2.0085536959143453,0.06358461602563857,2.0085536959143453,-0.2811190362398225,2.0085541991469333,2.616747186366472
2.008526709006996,-0.48805079736874574,2.008526709006996,-0.4630240118575356,2.0085266840054303,-0.11264901470059371,2.008526659004011,-0.4319823637969178,2.008526659004011,-0.5130775828799559,2.008526659004011,-0.4505106191019305,2.008526659004011,-0.4954240637821309,2.0085266340027386,-0.4004570480795102,2.0085264839981822,0.12635678693146304,2.0085263339989035,-0.2636856652607469,2.0085263339989035,0.11037718438255531,2.0085263339989035,-0.1758416481163993,2.0085234850150218,-0.5130775828799559,2.0085231852327317,-0.5030297539525587,2.008520887602226,-0.5130775828799559,2.0085332644725105,-0.48805079736874574,2.0085332895126813,-0.05478895109419646,2.0085412095739086,-0.08762222918938363,2.008541259747698,1.0010429405482573,2.0085434930782426,0.06291090747306954,2.0085460540623146,-0.2878365132790647,2.0085460791776013,-0.41550248831903375,2.0085502000829147,-0.5130775828799559,2.008550828618812,-0.5130775828799559,2.008552060817269,-0.5130775828799559,2.0085520859678736,-0.08762222918938363,2.0085521362695276,2.616246650656248,2.008552538704061,-0.5130775828799559,2.0085536959143453,0.06358461602563857,2.0085561371453453,-0.2753231205234596
2.0085312116784895,-0.4505106191019305,2.0085311866505116,-0.11264901470059371,2.0085311866505116,0.7220318222765308,2.0085293349875784,-0.5130775828799559,2.0085293099706107,-0.4319823637969178,2.0085292599371156,0.12635678693146304,2.008520962505421,-0.4004570480795102,2.008520937537543,-0.5130775828799559,2.008520887602226,-0.5130775828799559,2.008520837667494,-0.40108271771729054,2.008519664369756,-0.5130775828799559,2.008517992354897,-0.1265001016551657,2.008506107549024,-0.1265001016551657,2.008501407643666,0.021757537101644363,2.00849763159202,-0.424786437185665,2.0085332644725105,-0.48805079736874574,2.0085332895126813,-0.05478895109419646,2.0085340658308684,-0.5130775828799559,2.008541059056078,2.6103528426683575,2.008541059056078,-0.2814794469779694,2.008541259747698,1.0010429405482573,2.0085434930782426,0.06291090747306954,2.0085460791776013,-0.41550248831903375,2.0085502000829147,-0.5130775828799559,2.008550828618812,-0.5130775828799559,2.0085523877866724,-0.5130775828799559,2.008552412939201,-0.2878365132790647,2.008552538704061,-0.5130775828799559,2.0085536959143453,0.06358461602563857,2.0085561371453453,-0.2753231205234596
2.008532388159111,-0.4505106191019305,2.0085323631242296,-0.4630240118575356,2.0085323631242296,-0.4319823637969178,2.0085323380894957,-0.11264901470059371,2.008532288020468,-0.5200475426448279,2.008532288020468,0.5837212921488282,2.008532288020468,-0.4804301411805822,2.0085316121461054,-0.5130775828799559,2.008529385021954,-0.5130775828799559,2.00852928495379,-0.5130775828799559,2.0085292599371156,0.12635678693146304,2.008520962505421,-0.4004570480795102,2.008520887602226,-0.5130775828799559,2.008520837667494,-0.40108271771729054,2.008519664369756,-0.5130775828799559,2.0085332895126813,-0.05478895109419646,2.0085338153902135,-0.48805079736874574,2.0085340658308684,-0.5130775828799559,2.008541059056078,2.6103528426683575,2.008541059056078,-0.2814794469779694,2.008541259747698,1.0010429405482573,2.0085434930782426,0.06291090747306954,2.0085460791776013,-0.41550248831903375,2.0085502000829147,-0.5130775828799559,2.008550828618812,-0.5130775828799559,2.008552513550793,-0.5130775828799559,2.008552538704061,-0.5130775828799559,2.008553645594343,-0.08762222918938363,2.0085536959143453,0.06358461602563857,2.0085561371453453,-0.2753231205234596
2.0085332644725105,-0.09350352378451798,2.0085332644725105,-0.4319823637969178,2.0085332644725105,-0.3425325530138144,2.0085332644725105,-0.4954240637821309,2.0085332644725105,0.01927968512175046,2.0085330641564356,-0.5130775828799559,2.008532913925551,-0.4630240118575356,2.0085324382293135,-0.11264901470059371,2.008529410039362,-0.5130775828799559,2.008529385021954,-0.5130775828799559,2.008520962505421,0.12635678693146304,2.008520887602226,-0.5130775828799559,2.008520837667494,-0.40108271771729054,2.008519664369756,-0.5130775828799559,2.008517992354897,-0.1265001016551657,2.0085332895126813,-0.05478895109419646,2.0085342912400255,-0.48805079736874574,2.008541059056078,2.6103528426683575,2.008541059056078,-0.2814794469779694,2.008541259747698,1.0010429405482573,2.0085434930782426,0.06291090747306954,2.0085460791776013,-0.41550248831903375,2.0085502000829147,-0.5130775828799559,2.008550828618812,-0.5130775828799559,2.008552513550793,-0.5130775828799559,2.008552538704061,-0.5130775828799559,2.008553645594343,-0.08762222918938363,2.0085536959143453,0.06358461602563857,2.0085561371453453,-0.2753231205234596,2.008556162319932,-0.5130775828799559
2.0085332644725105,-0.09350352378451798,2.0085332644725105,-0.4319823637969178,2.0085332644725105,-0.3425325530138144,2.0085332644725105,0.01927968512175046,2.0085332644725105,-0.4505106191019305,2.0085332644725105,-0.4954240637821309,2.0085330641564356,-0.5130775828799559,2.008532913925551,-0.4630240118575356,2.008529410039362,-0.5130775828799559,2.008529385021954,-0.5130775828799559,2.008520962505421,0.12635678693146304,2.008520887602226,-0.5130775828799559,2.008520837667494,-0.40108271771729054,2.008519664369756,-0.5130775828799559,2.008517992354897,-0.1265001016551657,2.0085332895126813,-0.05478895109419646,2.0085342912400255,-0.48805079736874574,2.008541059056078,2.6103528426683575,2.008541059056078,-0.2814794469779694,2.008541259747698,1.0010429405482573,2.0085434930782426,0.06291090747306954,2.0085460791776013,-0.41550248831903375,2.0085502000829147,-0.5130775828799559,2.008550828618812,-0.5130775828799559,2.008552513550793,-0.5130775828799559,2.008552538704061,-0.5130775828799559,2.008553645594343,-0.08762222918938363,2.0085536959143453,0.06358461602563857,2.0085561371453453,-0.2753231205234596,2.008556162319932,-0.5130775828799559
2.0085332644725105,-0.21863745134056867,2.0085332644725105,-0.4319823637969178,2.0085332644725105,-0.3425325530138144,2.0085332644725105,0.01927968512175046,2.0085332644725105,-0.4505106191019305,2.0085332644725105,-0.11264901470059371,2.0085330641564356,-0.5130775828799559,2.008532913925551,-0.4630240118575356,2.008529410039362,-0.5130775828799559,2.008529385021954,-0.5130775828799559,2.008520962505421,0.12635678693146304,2.008520887602226,-0.5130775828799559,2.008520837667494,-0.40108271771729054,2.008519664369756,-0.5130775828799559,2.008517992354897,-0.1265001016551657,2.0085332895126813,-0.05478895109419646,2.0085342912400255,-0.48805079736874574,2.008541059056078,2.6103528426683575,2.008541059056078,-0.2814794469779694,2.008541259747698,1.0010429405482573,2.0085434930782426,0.06291090747306954,2.0085460791776013,-0.41550248831903375,2.0085502000829147,-0.5130775828799559,2.008550828618812,-0.5130775828799559,2.008552513550793,-0.5130775828799559,2.008552538704061,-0.5130775828799559,2.008553645594343,-0.08762222918938363,2.0085536959143453,0.06358461602563857,2.0085561371453453,-0.2753231205234596,2.008556162319932,-0.5130775828799559
2.0085332644725105,-0.21863745134056867,2.0085332644725105,-0.4319823637969178,2.0085332644725105,-0.3425325530138144,2.0085332644725105,0.01927968512175046,2.0085332644725105,-0.4505106191019305,2.0085332644725105,-0.11264901470059371,2.0085330641564356,-0.5130775828799559,2.008532913925551,-0.4630240118575356,2.008520887602226,-0.5130775828799559,2.008520887602226,0.12635678693146304,2.0085208626347866,-0.5130775828799559,2.008520837667494,-0.40108271771729054,2.008519664369756,-0.5130775828799559,2.008517992354897,-0.1265001016551657,2.008506107549024,-0.1265001016551657,2.0085332895126813,-0.05478895109419646,2.0085342912400255,-0.48805079736874574,2.008541059056078,2.6103528426683575,2.008541059056078,-0.2814794469779694,2.008541259747698,1.0010429405482573,2.0085434930782426,0.06291090747306954,2.0085460791776013,-0.41550248831903375,2.0085502000829147,-0.5130775828799559,2.008550828618812,-0.5130775828799559,2.008552513550793,-0.5130775828799559,2.008552538704061,-0.5130775828799559,2.008553645594343,-0.08762222918938363,2.0085536959143453,0.06358461602563857,2.0085561371453453,-0.2753231205234596,2.008556162319932,-0.5130775828799559
2.0085332644725105,-0.21863745134056867,2.0085332644725105,-0.4319823637969178,2.0085332644725105,-0.3425325530138144,2.0085332644725105,0.01927968512175046,2.0085332644725105,-0.4505106191019305,2.0085332644725105,-0.11264901470059371,2.0085332644725105,-0.4954240637821309,2.0085330641564356,-0.5130775828799559,2.008532913925551,-0.4630240118575356,2.008520912569811,-0.5130775828799559,2.008520887602226,-0.5130775828799559,2.008520887602226,0.12635678693146304,2.008520837667494,-0.40108271771729054,2.008519664369756,-0.5130775828799559,2.008517992354897,-0.1265001016551657,2.0085332895126813,-0.05478895109419646,2.0085342912400255,-0.48805079736874574,2.008541059056078,2.6103528426683575,2.008541059056078,-0.2814794469779694,2.008541259747698,1.0010429405482573,2.0085434930782426,0.06291090747306954,2.0085460791776013,-0.41550248831903375,2.0085502000829147,-0.5130775828799559,2.008550828618812,-0.5130775828799559,2.008552513550793,-0.5130775828799559,2.008552538704061,-0.5130775828799559,2.008553645594343,-0.08762222918938363,2.0085536959143453,0.06358461602563857,2.0085561371453453,-0.2753231205234596,2.008556162319932,-0.5130775828799559
2.0085332644725105,-0.34377137889661924,2.0085332644725105,-0.4319823637969178,2.0085332644725105,-0.3425325530138144,2.0085332644725105,0.01927968512175046,2.0085332644725105,-0.4505106191019305,2.0085332644725105,-0.11264901470059371,2.0085332644725105,-0.4954240637821309,2.0085330641564356,-0.5130775828799559,2.008532913925551,-0.4630240118575356,2.008520937537543,-0.5130775828799559,2.008520937537543,0.12635678693146304,2.008520887602226,-0.5130775828799559,2.008520837667494,-0.40108271771729054,2.008519664369756,-0.5130775828799559,2.008517992354897,-0.1265001016551657,2.0085332895126813,-0.05478895109419646,2.0085342912400255,-0.48805079736874574,2.008541059056078,2.6103528426683575,2.008541059056078,-0.2814794469779694,2.008541259747698,1.0010429405482573,2.0085434930782426,0.06291090747306954,2.0085460791776013,-0.41550248831903375,2.0085502000829147,-0.5130775828799559,2.008550828618812,-0.5130775828799559,2.008552513550793,-0.5130775828799559,2.008552538704061,-0.5130775828799559,2.008553645594343,-0.08762222918938363,2.0085536959143453,0.06358461602563857,2.0085561371453453,-0.2753231205234596,2.008556162319932,-0.5130775828799559
2.0085332644725105,-0.3687981644078294,2.0085332644725105,-0.4319823637969178,2.0085332644725105,-0.3425325530138144,2.0085332644725105,0.01927968512175046,2.0085332644725105,-0.4505106191019305,2.0085332644725105,-0.11264901470059371,2.0085330641564356,-0.5130775828799559,2.008532913925551,-0.4630240118575356,2.008520987473445,-0.5130775828799559,2.008520937537543,0.12635678693146304,2.008520887602226,-0.5130775828799559,2.008520837667494,-0.40108271771729054,2.008519664369756,-0.5130775828799559,2.008517992354897,-0.1265001016551657,2.008506107549024,-0.1265001016551657,2.0085332895126813,-0.05478895109419646,2.0085342912400255,-0.48805079736874574,2.008541059056078,2.6103528426683575,2.008541059056078,-0.2814794469779694,2.008541259747698,1.0010429405482573,2.0085434930782426,0.06291090747306954,2.0085460791776013,-0.41550248831903375,2.0085501246648163,-0.08762222918938363,2.0085502000829147,-0.5130775828799559,2.008550828618812,-0.5130775828799559,2.008552513550793,-0.5130775828799559,2.008552538704061,-0.5130775828799559,2.0085536959143453,0.06358461602563857,2.0085561371453453,-0.2753231205234596,2.008556162319932,-0.5130775828799559
2.0085332644725105,-0.3687981644078294,2.0085332644725105,-0.4319823637969178,2.0085332644725105,-0.3425325530138144,2.0085332644725105,0.01927968512175046,2.0085332644725105,-0.4505106191019305,2.0085332644725105,-0.11264901470059371,2.0085332644725105,-0.4954240637821309,2.0085330641564356,-0.5130775828799559,2.008532913925551,-0.4630240118575356,2.0085210124416157,-0.5130775828799559,2.008520987473445,0.12635678693146304,2.008520887602226,-0.5130775828799559,2.0085208626347866,-0.5130775828799559,2.008520837667494,-0.40108271771729054,2.008519664369756,-0.5130775828799559,2.0085332895126813,-0.05478895109419646,2.0085342912400255,-0.48805079736874574,2.008541059056078,2.6103528426683575,2.008541059056078,-0.2814794469779694,2.008541259747698,1.0010429405482573,2.0085434930782426,0.06291090747306954,2.0085460791776013,-0.41550248831903375,2.0085501246648163,-0.08762222918938363,2.0085502000829147,-0.5130775828799559,2.008550828618812,-0.5130775828799559,2.008552513550793,-0.5130775828799559,2.008552538704061,-0.5130775828799559,2.0085536959143453,0.06358461602563857,2.0085561371453453,-0.2753231205234596,2.008556162319932,-0.5130775828799559
2.0085332644725105,-0.3687981644078294,2.0085332644725105,-0.4319823637969178,2.0085332644725105,-0.3425325530138144,2.0085332644725105,0.01927968512175046,2.0085332644725105,-0.4505106191019305,2.0085332644725105,-0.11264901470059371,2.0085330641564356,-0.5130775828799559,2.008532913925551,-0.4630240118575356,2.008521037409933,-0.5130775828799559,2.0085210124416157,-0.5130775828799559,2.008520987473445,0.12635678693146304,2.008520887602226,-0.5130775828799559,2.008520837667494,-0.40108271771729054,2.008519664369756,-0.5130775828799559,2.008517992354897,-0.1265001016551657,2.0085332895126813,-0.05478895109419646,2.0085342912400255,-0.48805079736874574,2.008541059056078,2.6103528426683575,2.008541059056078,-0.2814794469779694,2.008541259747698,1.0010429405482573,2.0085434930782426,0.06291090747306954,2.0085460791776013,-0.41550248831903375,2.0085502000829147,-0.5130775828799559,2.008550828618812,-0.5130775828799559,2.008552513550793,-0.5130775828799559,2.008552538704061,-0.5130775828799559,2.008553645594343,-0.08762222918938363,2.0085536959143453,0.06358461602563857,2.0085561371453453,-0.2753231205234596,2.008556162319932,-0.5130775828799559
2.0085332644725105,-0.3687981644078294,2.0085332644725105,-0.4319823637969178,2.0085332644725105,-0.3425325530138144,2.0085332644725105,0.01927968512175046,2.0085332644725105,-0.4505106191019305,2.0085332644725105,-0.11264901470059371,2.0085330641564356,-0.5130775828799559,2.008532913925551,-0.4630240118575356,2.008521037409933,-0.5130775828799559,2.0085210124416157,0.12635678693146304,2.008520887602226,-0.5130775828799559,2.008520837667494,-0.40108271771729054,2.008519664369756,-0.5130775828799559,2.008517992354897,-0.1265001016551657,2.008506107549024,-0.1265001016551657,2.0085332895126813,-0.05478895109419646,2.0085342912400255,-0.48805079736874574,2.008541059056078,-0.2814794469779694,2.008541259747698,1.0010429405482573,2.0085434930782426,0.06291090747306954,2.0085460791776013,-0.41550248831903375,2.008548214516679,2.6107657846292933,2.0085502000829147,-0.5130775828799559,2.008550828618812,-0.5130775828799559,2.008552513550793,-0.5130775828799559,2.008552538704061,-0.5130775828799559,2.0085536959143453,0.06358461602563857,2.0085561371453453,-0.2753231205234596,2.008556162319932,-0.5130775828799559,2.0085584034516146,-0.35040347705708996
2.0085332644725105,-0.4319823637969178,2.0085332644725105,-0.4505106191019305,2.0085332644725105,-0.11264901470059371,2.0085332644725105,-0.4954240637821309,2.0085330641564356,-0.5130775828799559,2.008532913925551,-0.4630240118575356,2.0085295601468913,-0.5130775828799559,2.0085212621313704,-0.5130775828799559,2.0085212121922487,0.12635678693146304,2.008520887602226,-0.5130775828799559,2.008520837667494,-0.40108271771729054,2.008519664369756,-0.5130775828799559,2.008517992354897,-0.1265001016551657,2.008506107549024,-0.1265001016551657,2.0084961419685454,-0.4630240118575356,2.0085332895126813,-0.05478895109419646,2.0085332895126813,-0.1567211839858348,2.0085342912400255,-0.48805079736874574,2.008541059056078,-0.2814794469779694,2.008541059056078,2.607249521264968,2.008541259747698,1.0010429405482573,2.0085434930782426,0.06291090747306954,2.0085460540623146,-0.2878365132790647,2.0085460791776013,-0.41550248831903375,2.0085502000829147,-0.5130775828799559,2.008550476627325,-0.5130775828799559,2.008552513550793,-0.5130775828799559,2.008552538704061,-0.5130775828799559,2.0085536204345638,-0.08762222918938363,2.0085536707542704,-0.2878365132790647
2.008519664369756,-0.5130775828799559,2.008496166791324,-0.5130775828799559,2.0084961419685454,-0.5049808922045836,2.0084709967403556,-0.32093640172030263,2.0084709967403556,-0.5130775828799559,2.008470972064435,0.04125384098362353,2.008469097115032,0.3878866955236089,2.0084684312143812,-0.5091318348494729,2.0084627383419087,-0.42097738545764435,2.008459956303802,0.5177760126482156,2.0084591934095086,0.04125384098362353,2.008455135157138,0.039790437241033774,2.0084513509664705,-0.5130775828799559,2.0084513018434182,2.5993285436506697,2.008450884320529,9.346630178374056,2.0085332644725105,-0.3568457220226726,2.0085332895126813,-0.3050568062062978,2.0085332895126813,-0.1567211839858348,2.0085332895126813,13.846379066424113,2.0085332895126813,-0.49992195275456214,2.0085332895126813,5.027018586540878,2.0085332895126813,1.0510965115706774,2.0085333145529987,0.30029294623437347,2.008533364634075,2.6025444855888606,2.00853353992247,-0.2753231205234596,2.008534191056708,-0.48805079736874574,2.008537272769975,0.30029294623437347,2.0085376487409317,-0.10485898974148315,2.0085402062218987,0.30029294623437347,2.008540808204815,-0.35669686270245193
2.008496191614247,-0.5130775828799559,2.008496166791324,-0.48805079736874574,2.008471046092628,-0.4004570480795102,2.00847102141642,-0.5049808922045836,2.008470972064435,0.04125384098362353,2.008469097115032,0.3878866955236089,2.0084684312143812,-0.5091318348494729,2.0084627383419087,-0.42097738545764435,2.008459956303802,0.5177760126482156,2.0084591934095086,0.04125384098362353,2.008455135157138,0.039790437241033774,2.0084513509664705,-0.5130775828799559,2.008450884320529,9.346630178374056,2.0084483800492725,1.927034004463032,2.0084478155657104,0.5950600527264647,2.008499544040966,-0.48805079736874574,2.008499568883628,-0.4505106191019305,2.008499568883628,-0.3575106336601345,2.0084995937264347,-0.10577480741708759,2.008500339078175,-0.5130775828799559,2.008502998564315,-0.10577480741708759,2.0085330891954305,0.30029294623437347,2.0085331142345724,-0.08762222918938363,2.0085331893528804,2.595111530292031,2.00853321439261,0.26275276796755825,2.0085332895126813,13.846379066424113,2.0085332895126813,-0.49992195275456214,2.0085332895126813,5.027018586540878,2.0085332895126813,1.0510965115706774,2.00853353992247,-0.2753231205234596
2.008496166791324,-0.48805079736874574,2.008471046092628,-0.4004570480795102,2.008471046092628,-0.5130775828799559,2.00847102141642,-0.5049808922045836,2.008470972064435,0.04125384098362353,2.008469097115032,0.3878866955236089,2.0084684312143812,-0.5091318348494729,2.0084627383419087,-0.42097738545764435,2.008459956303802,0.5177760126482156,2.0084591934095086,0.04125384098362353,2.008455528514147,1.9520607899742421,2.008455135157138,0.039790437241033774,2.008452038749168,2.5966131374227035,2.0084513509664705,-0.5130775828799559,2.008450884320529,9.346630178374056,2.008498550453568,-0.48805079736874574,2.0084985752904214,-0.35753024214658247,2.0084986001274205,-0.4945827883871715,2.0084986001274205,-0.18777942480524656,2.008499320463546,-0.5130775828799559,2.008499568883628,-0.5130775828799559,2.0084995937264347,-0.10577480741708759,2.0085029737016007,-0.5005641901243507,2.008502998564315,-0.10577480741708759,2.008506480779975,-0.08762222918938363,2.0085065305465766,0.8508822274809965,2.0085065305465766,-0.35737326163446337,2.0085097915276657,-0.10660054117824445,2.008516570411068,-0.10660054117824445,2.008523360103171,0.26275276796755825
2.008471095445475,-0.32093640172030263,2.008471095445475,-0.5130775828799559,2.008471095445475,-0.4630240118575356,2.0084710707689797,-0.5049808922045836,2.008470972064435,0.04125384098362353,2.008469097115032,0.3878866955236089,2.0084684312143812,-0.5091318348494729,2.0084627383419087,-0.42097738545764435,2.0084619749458033,2.6009552847088986,2.008459956303802,0.5177760126482156,2.0084591934095086,0.04125384098362353,2.008455528514147,1.9520607899742421,2.008455135157138,0.039790437241033774,2.0084513509664705,-0.5130775828799559,2.008450884320529,9.346630178374056,2.0084817444159904,-0.48805079736874574,2.0084817691547108,-0.10724586935604377,2.008491552248743,-0.10724586935604377,2.008498401435493,-0.5130775828799559,2.0084984262714762,-0.4505106191019305,2.0084984262714762,-0.45210876705771263,2.008498451107604,-0.5130775828799559,2.008498475943877,-0.35753220674924513,2.008498500780296,-0.5005641901243507,2.0084986001274205,-0.4945827883871715,2.0084986001274205,-0.18777942480524656,2.0084992459403535,-0.5130775828799559,2.0084995937264347,-0.10577480741708759,2.008506480779975,-0.08762222918938363,2.0085065305465766,0.8508822274809965
2.008471095445475,-0.32093640172030263,2.008471095445475,-0.5130775828799559,2.0084710707689797,-0.5049808922045836,2.008470972064435,0.04125384098362353,2.008469097115032,0.3878866955236089,2.0084684312143812,-0.5091318348494729,2.0084627383419087,-0.42097738545764435,2.0084619749458033,2.6009552847088986,2.008459956303802,0.5177760126482156,2.0084591934095086,0.04125384098362353,2.008455528514147,1.9520607899742421,2.008455135157138,0.039790437241033774,2.0084513509664705,-0.5130775828799559,2.008450884320529,9.346630178374056,2.0084478155657104,0.5950600527264647,2.008481670200696,-0.48805079736874574,2.008481694938983,-0.4505106191019305,2.008481694938983,-0.45225313406993406,2.0084817196774147,-0.3578628606394192,2.0084817196774147,-0.5130775828799559,2.0084817196774147,-0.4630240118575356,2.0084817691547108,-0.10724586935604377,2.0084824618974695,-0.5130775828799559,2.008491552248743,-0.10724586935604377,2.008498500780296,-0.5005641901243507,2.008498550453568,-0.08762222918938363,2.0084986001274205,-0.4945827883871715,2.0084986001274205,-0.18777942480524656,2.0084995937264347,-0.10577480741708759,2.0084995937264347,-0.357510145637817
2.008471095445475,-0.5086372930543787,2.008471095445475,-0.5130775828799559,2.0084710707689797,-0.5049808922045836,2.008470972064435,0.04125384098362353,2.00846912178003,-0.4630240118575356,2.008469097115032,0.3878866955236089,2.0084684312143812,-0.5091318348494729,2.0084627383419087,-0.42097738545764435,2.008459956303802,0.5177760126482156,2.0084591934095086,0.04125384098362353,2.008455528514147,1.9520607899742421,2.008455135157138,0.039790437241033774,2.0084513509664705,-0.5130775828799559,2.008450884320529,9.346630178374056,2.0084478155657104,0.5950600527264647,2.008481521774003,-0.4505106191019305,2.008481521774003,-0.48805079736874574,2.0084815465114243,-0.2922768031046418,2.0084815465114243,-0.4630240118575356,2.00848157124899,-0.5130775828799559,2.00848157124899,-0.45225419770831826,2.00848157124899,-0.5013183723057311,2.0084815959867,-0.3578653007510066,2.008481670200696,-0.08762222918938363,2.0084817691547108,-0.10724586935604377,2.0084823629272903,-0.5130775828799559,2.0084915026572445,-0.08762222918938363,2.008491552248743,-0.10724586935604377,2.008491552248743,-0.3576688279713508,2.008498475943877,-0.2878365132790647
2.0084711694758246,-0.33871724458941593,2.008471144798898,-0.5130775828799559,2.0084711201221146,-0.5049808922045836,2.0084709967403556,-0.5130775828799559,2.008470972064435,0.04125384098362353,2.008469097115032,0.3878866955236089,2.0084684312143812,-0.5091318348494729,2.0084627383419087,-0.42097738545764435,2.008459956303802,0.5177760126482156,2.0084591934095086,0.04125384098362353,2.008455577686347,2.5974515347373295,2.008455528514147,1.9520607899742421,2.008455135157138,0.039790437241033774,2.0084513509664705,-0.5130775828799559,2.008450884320529,9.346630178374056,2.0084812991437038,-0.5013186601137645,2.0084812991437038,-0.5130775828799559,2.0084813238798267,-0.08762222918938363,2.0084813733525047,-0.5005641901243507,2.0084817691547108,-0.10724586935604377,2.008482066030609,-0.5130775828799559,2.008491552248743,-0.10724586935604377,2.0084986001274205,-0.4945827883871715,2.0084986001274205,-0.18777942480524656,2.0085065305465766,0.8508822274809965,2.0085065305465766,-0.35737326163446337,2.0085097666252105,-0.2753231205234596,2.0085097915276657,-0.10660054117824445,2.0085159967786805,-0.08762222918938363,2.0085160466566903,2.600254534714585
2.008471194152895,-0.33332099412427435,2.0084711694758246,-0.48805079736874574,2.0084711201221146,-0.5049808922045836,2.0084709967403556,-0.5130775828799559,2.008470972064435,0.04125384098362353,2.008469097115032,0.3878866955236089,2.0084684312143812,-0.5091318348494729,2.0084627383419087,-0.42097738545764435,2.008459956303802,0.5177760126482156,2.0084591934095086,0.04125384098362353,2.008455577686347,2.5974515347373295,2.008455528514147,1.9520607899742421,2.008455135157138,0.039790437241033774,2.0084513509664705,-0.5130775828799559,2.008450884320529,9.346630178374056,2.0084813486160935,-0.4505106191019305,2.0084813486160935,-0.5013186601137645,2.0084813486160935,-0.5130775828799559,2.0084813733525047,-0.5005641901243507,2.008481694938983,-0.4630240118575356,2.0084817196774147,-0.08762222918938363,2.0084817691547108,-0.10724586935604377,2.0084821155119457,-0.5130775828799559,2.008491552248743,-0.10724586935604377,2.008498550453568,-0.08762222918938363,2.0084986001274205,-0.4945827883871715,2.0084986001274205,-0.18777942480524656,2.0084986001274205,-0.357529754124265,2.0085065305465766,0.8508822274809965,2.0085097666252105,-0.2753231205234596
2.008471292862615,-0.5049808922045836,2.008471046092628,-0.5130775828799559,2.008470972064435,0.04125384098362353,2.0084697384516805,-0.4462009816101146,2.008469097115032,0.3878866955236089,2.0084684312143812,-0.5091318348494729,2.0084627383419087,-0.42097738545764435,2.008459956303802,0.5177760126482156,2.0084591934095086,0.04125384098362353,2.008455528514147,1.9520607899742421,2.008455135157138,0.039790437241033774,2.0084513509664705,-0.5130775828799559,2.008450884320529,9.346630178374056,2.0084478155657104,0.5950600527264647,2.0084474474648943,0.04125384098362353,2.008481150729997,-0.35787408515272096,2.008481175465254,-0.5013186601137645,2.008481175465254,-0.4505106191019305,2.008481200200656,-0.08762222918938363,2.008481274407725,-0.5005641901243507,2.0084817691547108,-0.10724586935604377,2.008491552248743,-0.10724586935604377,2.008498550453568,-0.08762222918938363,2.0084986001274205,-0.4945827883871715,2.0084986001274205,-0.18777942480524656,2.0085065305465766,0.8508822274809965,2.0085097666252105,-0.2753231205234596,2.0085097915276657,-0.10660054117824445,2.008518042256285,-0.08762222918938363,2.0085181171094644,-0.10765655890628273
2.008471366896415,-0.33332099412427435,2.0084713175404048,-0.5130775828799559,2.008471292862615,-0.5049808922045836,2.008470972064435,0.04125384098362353,2.0084697384516805,-0.4462009816101146,2.008469097115032,0.3878866955236089,2.0084684312143812,-0.5091318348494729,2.0084627383419087,-0.42097738545764435,2.008459956303802,0.5177760126482156,2.0084591934095086,0.04125384098362353,2.008455528514147,1.9520607899742421,2.008455135157138,0.039790437241033774,2.0084513509664705,-0.5130775828799559,2.008450884320529,9.346630178374056,2.008450589623327,-0.42129910478539095,2.008481076525092,-0.4505106191019305,2.008481101259916,-0.08762222918938363,2.008481274407725,-0.5005641901243507,2.0084817691547108,-0.10724586935604377,2.008491552248743,-0.10724586935604377,2.008498550453568,-0.08762222918938363,2.0084986001274205,-0.4945827883871715,2.0084986001274205,-0.18777942480524656,2.0084986001274205,-0.357529754124265,2.0085065305465766,0.8508822274809965,2.0085097666252105,-0.2753231205234596,2.0085097915276657,-0.10660054117824445,2.008518017305518,-0.2753231205234596,2.008518042256285,-0.08762222918938363,2.0085181171094644,-0.10765655890628273
2.0084714162530006,-0.33332099412427435,2.0084713175404048,-0.5130775828799559,2.008470972064435,0.04125384098362353,2.0084697384516805,-0.4462009816101146,2.008469097115032,0.3878866955236089,2.0084684312143812,-0.5091318348494729,2.0084627383419087,-0.42097738545764435,2.008459956303802,0.5177760126482156,2.0084591934095086,0.04125384098362353,2.008455528514147,1.9520607899742421,2.008455135157138,0.039790437241033774,2.0084513509664705,-0.5130775828799559,2.008450884320529,9.346630178374056,2.008450589623327,-0.42129910478539095,2.0084478155657104,0.5950600527264647,2.008481002321485,-0.5005641901243507,2.008481002321485,-0.08762222918938363,2.0084810270558764,-0.4505106191019305,2.0084810517904117,-0.3578760372419909,2.0084817691547108,-0.10724586935604377,2.0084915026572445,-0.08762222918938363,2.008491552248743,-0.10724586935604377,2.0084986001274205,-0.4945827883871715,2.0084986001274205,-0.18777942480524656,2.0084986001274205,-0.357529754124265,2.008506455896893,-0.08762222918938363,2.0085065305465766,0.8508822274809965,2.0085097666252105,-0.2753231205234596,2.0085097915276657,-0.10660054117824445,2.0085181171094644,-0.10765655890628273
2.008471490288957,-0.48805079736874574,2.008471465610161,-0.4004570480795102,2.0084714162530006,-0.5049808922045836,2.008470972064435,0.04125384098362353,2.0084697384516805,-0.4462009816101146,2.008469097115032,0.3878866955236089,2.0084684312143812,-0.5091318348494729,2.0084591934095086,0.04125384098362353,2.008455528514147,1.9520607899742421,2.0084513509664705,-0.5130775828799559,2.0084474474648943,0.04125384098362353,2.008447275695491,0.18141571505612525,2.008434143780689,0.04125384098362353,2.0084224916441236,0.8478185985594272,2.0084224672499835,0.04125384098362353,2.0084809528531347,-0.3578780018446535,2.008481002321485,-0.5005641901243507,2.0084810270558764,-0.5130775828799559,2.0084817691547108,-0.10724586935604377,2.008491552248743,-0.10724586935604377,2.0084986001274205,-0.4945827883871715,2.0084986001274205,-0.18777942480524656,2.008506455896893,-0.08762222918938363,2.0085065305465766,0.8508822274809965,2.0085097666252105,-0.2753231205234596,2.0085097915276657,-0.10660054117824445,2.0085180921582584,-0.2753231205234596,2.0085181171094644,-0.10765655890628273,2.0085230103694673,0.26275276796755825,2.0085296352026374,0.26275276796755825
2.00847153964698,-0.48805079736874574,2.00847153964698,-0.5130775828799559,2.008471514967897,-0.33332099412427435,2.008471514967897,-0.4630240118575356,2.008471490288957,-0.5049808922045836,2.008470972064435,0.04125384098362353,2.0084697384516805,-0.4462009816101146,2.008469097115032,0.3878866955236089,2.0084600547517986,2.5998791329319166,2.0084591934095086,0.04125384098362353,2.008455528514147,1.9520607899742421,2.0084513509664705,-0.5130775828799559,2.0084509088795572,0.4801201355519821,2.0084505650661546,-0.4146796701783889,2.0084474474648943,0.04125384098362353,2.0084807302527015,-0.4505106191019305,2.0084807302527015,-0.08762222918938363,2.0084807549855057,-0.5005641901243507,2.0084810270558764,-0.5130775828799559,2.0084810270558764,-0.4630240118575356,2.0084817691547108,-0.10724586935604377,2.008481793893575,-0.5130775828799559,2.0084915026572445,-0.08762222918938363,2.008491552248743,-0.10724586935604377,2.008491552248743,-0.3576688279713508,2.0084986001274205,-0.4945827883871715,2.0084986001274205,-0.18777942480524656,2.0085065305465766,0.8508822274809965,2.0085097666252105,-0.2753231205234596,2.0085097915276657,-0.10660054117824445
2.0084715643262077,-0.33332099412427435,2.00847153964698,-0.5130775828799559,2.008471490288957,-0.5049808922045836,2.008471292862615,-0.15018919296740893,2.0084709967403556,-0.48805079736874574,2.008470972064435,0.04125384098362353,2.0084697384516805,-0.4462009816101146,2.008469097115032,0.3878866955236089,2.0084591934095086,0.04125384098362353,2.0084574220567704,2.6021315436279253,2.008455528514147,1.9520607899742421,2.0084513509664705,-0.5130775828799559,2.0084474474648943,0.04125384098362353,2.008447275695491,0.18141571505612525,2.0084382553587856,13.173275686555536,2.0084807549855057,-0.5005641901243507,2.008481694938983,-0.4505106191019305,2.0084817691547108,-0.10724586935604377,2.0084824618974695,-0.5130775828799559,2.008491552248743,-0.10724586935604377,2.008498451107604,-0.08762222918938363,2.0084985256168593,-0.35753123070461024,2.0084986001274205,-0.4945827883871715,2.0084986001274205,-0.18777942480524656,2.0085065305465766,0.8508822274809965,2.0085097915276657,-0.10660054117824445,2.008511958599332,2.597388967773551,2.0085144757800055,-0.08762222918938363,2.008517992354897,0.26275276796755825,2.008518042256285,0.10574670350048579
2.0084709967403556,-0.48805079736874574,2.008470972064435,-0.029257425372796263,2.008469911135836,0.5583828355642542,2.0084697384516805,-0.4462009816101146,2.008469097115032,0.3878866955236089,2.0084652511338428,-0.41981653052509965,2.0084591934095086,0.04125384098362353,2.008455528514147,1.9520607899742421,2.0084550859900854,-0.0054876727308504755,2.0084515720272726,-0.48658529137617307,2.0084515474643903,0.02074288865005616,2.0084513509664705,-0.5130775828799559,2.0084509088795572,1.0816639145592508,2.0084474474648943,0.04125384098362353,2.008447275695491,0.18141571505612525,2.0084815959867,-0.48805079736874574,2.0084817196774147,-0.08762222918938363,2.0084817444159904,-0.4522527086145804,2.0084817691547108,-0.10724586935604377,2.0084825113834253,-0.5130775828799559,2.0084829320373623,-0.5130775828799559,2.008491527452921,-0.2753231205234596,2.008491552248743,-0.10724586935604377,2.0084986001274205,-0.4945827883871715,2.0084986001274205,-0.18777942480524656,2.008506480779975,-0.08762222918938363,2.0085065305465766,0.8508822274809965,2.0085065305465766,-0.35737326163446337,2.0085097915276657,-0.10660054117824445,2.008511908769198,-0.08762222918938363
2.00847102141642,-0.5049808922045836,2.0084709967403556,-0.48805079736874574,2.0084709967403556,-0.5130775828799559,2.008470972064435,-0.029257425372796263,2.008469911135836,0.44491614514567457,2.0084697384516805,-0.4462009816101146,2.008469097115032,0.3878866955236089,2.008466508089475,-0.4848089652209439,2.008466483439698,0.03757564180364818,2.0084627629698826,0.020239950368422882,2.0084616302314147,-0.4270871370643178,2.0084591934095086,0.04125384098362353,2.0084589473439256,-0.345871113687617,2.0084589227381544,-0.040421161125960045,2.008455528514147,1.9520607899742421,2.008481521774003,-0.48805079736874574,2.008481521774003,-0.5130775828799559,2.008481521774003,-0.4505106191019305,2.0084815465114243,-0.4004570480795102,2.0084815959867,-0.08762222918938363,2.008481670200696,-0.5005641901243507,2.0084817691547108,-0.10724586935604377,2.0084823134430665,-0.5130775828799559,2.0084829320373623,-0.5130775828799559,2.008491552248743,-0.10724586935604377,2.008498550453568,-0.08762222918938363,2.0084986001274205,-0.4945827883871715,2.0084986001274205,-0.18777942480524656,2.0084986001274205,-0.357529754124265,2.008506480779975,-0.08762222918938363
2.008474255224285,-0.4630240118575356,2.008474230529377,0.04174158800645151,2.00847102141642,-0.5174942849601887,2.00847102141642,-0.5130775828799559,2.00847102141642,-0.08157936166698884,2.0084709967403556,-0.48805079736874574,2.008470972064435,-0.029257425372796263,2.0084703798854693,0.030894791465001653,2.008469911135836,0.44491614514567457,2.0084697384516805,-0.4462009816101146,2.008469097115032,0.3878866955236089,2.008468110632895,-0.5048925226249436,2.008466483439698,0.03757564180364818,2.008466261598167,2.6053975391371385,2.0084631077765716,-0.43107272773733457,2.0084813733525047,-0.48805079736874574,2.0084813980890606,-0.4004570480795102,2.0084814228257604,-0.4630240118575356,2.0084814475626045,-0.08762222918938363,2.008481521774003,-0.5130775828799559,2.008481670200696,-0.5005641901243507,2.0084817691547108,-0.10724586935604377,2.0084821649938602,-0.5130775828799559,2.0084964646759773,-0.0935603345876284,2.0084986001274205,-0.4945827883871715,2.0084986001274205,-0.18777942480524656,2.008506480779975,-0.08762222918938363,2.008506480779975,-0.35737425019249114,2.0085065305465766,0.8508822274809965,2.0085097915276657,-0.10660054117824445
2.008474255224285,-0.5130775828799559,2.008474255224285,-0.48805079736874574,2.008474230529377,0.04174158800645151,2.00847102141642,-0.5174942849601887,2.00847102141642,-0.08157936166698884,2.008470972064435,-0.029257425372796263,2.00847040455794,-0.4819348266058727,2.0084703798854693,0.030894791465001653,2.008469935805576,0.5088145088861108,2.0084697384516805,-0.4462009816101146,2.008469097115032,0.3878866955236089,2.008468455875501,-0.5065105668752071,2.008466483439698,0.03757564180364818,2.008466261598167,2.6053975391371385,2.0084631077765716,-0.43107272773733457,2.0084812991437038,-0.48805079736874574,2.0084812991437038,-0.4505106191019305,2.0084813238798267,-0.4004570480795102,2.008481521774003,-0.5130775828799559,2.0084817691547108,-0.10724586935604377,2.008482066030609,-0.5130775828799559,2.0084964150270843,-0.08762222918938363,2.0084964646759773,-0.0935603345876284,2.0084986001274205,-0.4945827883871715,2.0084986001274205,-0.18777942480524656,2.008506480779975,-0.08762222918938363,2.008506480779975,-0.35737425019249114,2.0085065305465766,0.8508822274809965,2.0085097666252105,0.11826009625609087,2.0085097915276657,-0.10660054117824445
2.0084807302527015,0.02715158520966098,2.008474255224285,-0.485085448633879,2.008474230529377,0.04174158800645151,2.00847102141642,-0.5174942849601887,2.00847102141642,-0.08157936166698884,2.008470972064435,-0.029257425372796263,2.0084703798854693,0.030894791465001653,2.0084699604754594,-0.43598591118853874,2.008469935805576,0.5088145088861108,2.008469935805576,1.0444129833659812,2.0084697384516805,-0.4462009816101146,2.008469097115032,0.3878866955236089,2.008468455875501,0.02715158520966098,2.008466483439698,0.03757564180364818,2.008466261598167,2.6053975391371385,2.008481274407725,-0.5005641901243507,2.0084813238798267,-0.08762222918938363,2.0084813238798267,-0.5130775828799559,2.008481521774003,-0.5130775828799559,2.0084820165498494,-0.48805079736874574,2.0084986001274205,-0.4945827883871715,2.0084986001274205,-0.18777942480524656,2.008506480779975,-0.08762222918938363,2.0085065305465766,0.8508822274809965,2.0085097666252105,0.11826009625609087,2.0085097915276657,-0.10660054117824445,2.008518067207199,-0.08762222918938363,2.0085180921582584,-0.2878365132790647,2.0085181171094644,-0.10765655890628273,2.0085208127003473,-0.08762222918938363
2.0084807302527015,0.02715158520966098,2.0084807302527015,-0.5130775828799559,2.008475416047332,0.02715158520966098,2.008474230529377,0.04174158800645151,2.00847102141642,-0.5174942849601887,2.00847102141642,-0.08157936166698884,2.008470972064435,-0.029257425372796263,2.00847040455794,-0.48374692855099016,2.0084703798854693,0.030894791465001653,2.0084699604754594,-0.29586667024515534,2.008469935805576,0.5088145088861108,2.008469935805576,1.0444129833659812,2.0084697384516805,-0.4462009816101146,2.008469097115032,0.3878866955236089,2.008466483439698,0.03757564180364818,2.008481274407725,-0.5005641901243507,2.008481521774003,-0.5130775828799559,2.0084820165498494,-0.48805079736874574,2.0084822639594204,-0.5130775828799559,2.008498550453568,-0.08762222918938363,2.0084985752904214,-0.4505106191019305,2.0084986001274205,-0.4945827883871715,2.0084986001274205,-0.18777942480524656,2.008506480779975,-0.08762222918938363,2.0085097666252105,0.11826009625609087,2.0085097915276657,-0.10660054117824445,2.008518067207199,-0.3571456054800607,2.0085181171094644,-0.10765655890628273,2.0085207877333473,-0.2878365132790647,2.0085208127003473,-0.08762222918938363
2.0084807302527015,0.02715158520966098,2.0084807302527015,-0.5130775828799559,2.008480631322926,-0.4630240118575356,2.008475416047332,0.02715158520966098,2.008474230529377,0.04174158800645151,2.00847102141642,-0.5174942849601887,2.00847102141642,-0.08157936166698884,2.008470972064435,-0.029257425372796263,2.0084709227130255,-0.5039468730210097,2.00847040455794,-0.48374692855099016,2.00847040455794,-0.4253584869354875,2.0084703798854693,0.030894791465001653,2.008469935805576,0.5088145088861108,2.008469935805576,1.0444129833659812,2.0084697384516805,-0.4462009816101146,2.008481274407725,-0.5005641901243507,2.008481521774003,-0.5130775828799559,2.008481521774003,-0.4630240118575356,2.0084820165498494,-0.48805079736874574,2.0084822639594204,-0.5130775828799559,2.008496092323424,-0.5130775828799559,2.008496117145912,-0.4505106191019305,2.008496166791324,-0.08762222918938363,2.0084962164373157,1.0260697260594673,2.0084986001274205,-0.4945827883871715,2.0084986001274205,-0.18777942480524656,2.008509741722901,-0.08762222918938363,2.0085097915276657,-0.10660054117824445,2.0085097915276657,0.11826009625609087,2.0085200887167423,-0.08762222918938363
2.0084807302527015,0.02715158520966098,2.0084807302527015,-0.5130775828799559,2.0084795185219746,-0.5130775828799559,2.0084761324585156,-0.5130775828799559,2.008475416047332,0.02715158520966098,2.008474255224285,1.2104628897194907,2.008474230529377,0.04174158800645151,2.008474230529377,0.48650132767431015,2.0084713175404048,-0.5039738894359691,2.00847102141642,-0.5174942849601887,2.00847102141642,-0.08157936166698884,2.00847040455794,-0.48374692855099016,2.0084703798854693,0.030894791465001653,2.008469935805576,0.5088145088861108,2.0084697384516805,-0.4462009816101146,2.008495819285627,-0.48805079736874574,2.008495819285627,-0.4505106191019305,2.0084958441065193,-0.4004570480795102,2.0084958441065193,-0.5130775828799559,2.0084958689275574,-0.08762222918938363,2.0084958937487403,-0.5005641901243507,2.008496613626137,-0.5130775828799559,2.0084986001274205,-0.4945827883871715,2.0084986001274205,-0.18777942480524656,2.008498624964565,-0.5130775828799559,2.0085096670168467,0.11826009625609087,2.008509691918719,-0.08762222918938363,2.0085097915276657,-0.10660054117824445,2.0085097915276657,-0.3573089177689141,2.0085200637539846,-0.2878365132790647
2.0084807549855057,-0.4630240118575356,2.0084807302527015,-0.1480359133688099,2.008475416047332,0.02715158520966098,2.008474279919337,-0.40817829943203604,2.008474255224285,1.2104628897194907,2.008474230529377,0.04174158800645151,2.008474230529377,0.48650132767431015,2.00847102141642,-0.5174942849601887,2.00847102141642,-0.08157936166698884,2.00847040455794,-0.48374692855099016,2.0084703798854693,0.030894791465001653,2.008469935805576,0.5088145088861108,2.0084697384516805,-0.4462009816101146,2.008469097115032,0.3878866955236089,2.0084670997271776,2.6035830971875753,2.0084954966272175,-0.48805079736874574,2.0084954966272175,-0.4630240118575356,2.0084954966272175,-0.4505106191019305,2.0084954966272175,-0.35759099466841093,2.0084955214462252,-0.08762222918938363,2.0084955462653777,-0.5130775828799559,2.0084955462653777,-0.4521336186557252,2.008495571084675,-0.4004570480795102,2.0084958937487403,-0.5005641901243507,2.0084963157310396,-0.5130775828799559,2.0084986001274205,-0.4945827883871715,2.0084986001274205,-0.18777942480524656,2.008498624964565,-0.5130775828799559,2.008509542509671,-0.08762222918938363,2.0085095923121044,0.11826009625609087
2.0084807549855057,-0.5130775828799559,2.0084807549855057,-0.4630240118575356,2.0084807302527015,-0.1480359133688099,2.0084779858078283,-0.4492969075983861,2.008475416047332,0.02715158520966098,2.008474255224285,1.2104628897194907,2.008474230529377,0.04174158800645151,2.008474230529377,0.48650132767431015,2.00847102141642,-0.5174942849601887,2.00847102141642,-0.08157936166698884,2.0084704539033122,-0.5043546594641294,2.00847040455794,-0.48374692855099016,2.0084703798854693,0.030894791465001653,2.008469935805576,0.5088145088861108,2.0084697384516805,-0.4462009816101146,2.008495298080378,-0.48805079736874574,2.0084953228982254,-0.5005641901243507,2.0084953228982254,-0.4505106191019305,2.008495347716218,-0.38803067345712766,2.008495347716218,-0.5130775828799559,2.008495347716218,-0.45213533299053277,2.008495397352638,-0.08762222918938363,2.008496092323424,-0.5130775828799559,2.0084986001274205,-0.4945827883871715,2.0084986001274205,-0.18777942480524656,2.008498624964565,-0.5130775828799559,2.008509467807115,-0.08762222918938363,2.008509467807115,-0.35731529959921954,2.0085095176086734,0.11826009625609087,2.0085097915276657,-0.10660054117824445
2.0084807549855057,-0.5130775828799559,2.0084807549855057,-0.4630240118575356,2.0084807302527015,-0.1480359133688099,2.0084779858078283,-0.4492969075983861,2.008475416047332,0.02715158520966098,2.008474255224285,1.2104628897194907,2.008474230529377,0.04174158800645151,2.008474230529377,0.48650132767431015,2.00847102141642,-0.5174942849601887,2.00847102141642,-0.08157936166698884,2.00847040455794,-0.48374692855099016,2.0084703798854693,0.030894791465001653,2.0084703552131424,-0.5038403965620523,2.008469935805576,0.5088145088861108,2.0084697384516805,-0.4462009816101146,2.0084951491763388,-0.48805079736874574,2.0084951491763388,-0.5130775828799559,2.008495173993316,-0.3402772392106862,2.008495173993316,-0.4630240118575356,2.008495173993316,-0.08762222918938363,2.0084951988104383,-0.5130775828799559,2.0084951988104383,-0.4505106191019305,2.0084953228982254,-0.5005641901243507,2.008495943391541,-0.5130775828799559,2.0084986001274205,-0.4945827883871715,2.0084986001274205,-0.18777942480524656,2.008498624964565,-0.5130775828799559,2.008509442906554,0.11826009625609087,2.008509467807115,-0.35731529959921954,2.0085097915276657,-0.10660054117824445
2.0084807549855057,-0.4630240118575356,2.0084807302527015,-0.1480359133688099,2.008475416047332,0.02715158520966098,2.008474255224285,1.2104628897194907,2.008474230529377,0.04174158800645151,2.008474230529377,0.48650132767431015,2.008471366896415,-0.5041784333539522,2.00847102141642,-0.5174942849601887,2.00847102141642,-0.08157936166698884,2.00847040455794,-0.48374692855099016,2.0084703798854693,0.030894791465001653,2.0084700838270333,-0.4146079058709355,2.008469935805576,0.5088145088861108,2.0084697384516805,-0.4462009816101146,2.008469097115032,0.3878866955236089,2.008494826568826,-0.48805079736874574,2.008494826568826,-0.28271179092332693,2.008494826568826,-0.5130775828799559,2.0084948513839187,-0.4521396125708552,2.0084948513839187,-0.4505106191019305,2.008494876199156,-0.4630240118575356,2.0084953228982254,-0.5005641901243507,2.0084986001274205,-0.4945827883871715,2.0084986001274205,-0.18777942480524656,2.008498624964565,-0.5130775828799559,2.0085093931058697,-0.08762222918938363,2.0085093931058697,-0.3573167761795646,2.008509442906554,0.11826009625609087,2.0085097915276657,-0.10660054117824445,2.008512606444172,-0.08762222918938363
2.0084807302527015,-0.1480359133688099,2.008475416047332,0.02715158520966098,2.008474255224285,1.2104628897194907,2.008474230529377,0.04174158800645151,2.008474230529377,0.48650132767431015,2.00847102141642,-0.5174942849601887,2.00847102141642,-0.08157936166698884,2.00847040455794,-0.48374692855099016,2.0084703798854693,0.030894791465001653,2.0084700838270333,-0.4266067979700011,2.008469935805576,0.5088145088861108,2.0084697384516805,-0.4462009816101146,2.008469097115032,0.3878866955236089,2.0084670997271776,2.6035830971875753,2.008466483439698,0.03757564180364818,2.0084946528672374,-0.48805079736874574,2.0084946776813153,-0.3576071619718512,2.008494702495538,-0.4505106191019305,2.0084947273099054,-0.4004570480795102,2.0084947273099054,-0.5130775828799559,2.008494752124418,-0.5005641901243507,2.008494776939076,-0.5130775828799559,2.008494826568826,-0.08762222918938363,2.0084954718083554,-0.5130775828799559,2.0084986001274205,-0.4945827883871715,2.0084986001274205,-0.18777942480524656,2.008498624964565,-0.5130775828799559,2.0085093682057464,0.11826009625609087,2.0085093682057464,-0.3573172642018821,2.0085097915276657,-0.10660054117824445
2.0084807797184543,-0.5130775828799559,2.0084807549855057,-0.5130775828799559,2.0084807549855057,-0.5005641901243507,2.0084807549855057,-0.4755374046131407,2.0084807549855057,-0.4630240118575356,2.0084807302527015,-0.1480359133688099,2.0084795185219746,-0.5096636790683716,2.008475416047332,0.02715158520966098,2.008474255224285,1.2104628897194907,2.008474230529377,0.04174158800645151,2.008474230529377,0.48650132767431015,2.0084720332588484,-0.4195971832634866,2.00847102141642,-0.5174942849601887,2.00847040455794,-0.04504409643219801,2.00847040455794,-0.4841398741103017,2.008494503985815,-0.48805079736874574,2.008494503985815,-0.5005641901243507,2.008494528799023,-0.4004570480795102,2.008494528799023,-0.4630240118575356,2.008494553612376,-0.45214217781637006,2.008494603239517,-0.5130775828799559,2.008494752124418,-0.5005641901243507,2.008494776939076,-0.5130775828799559,2.0084952732626755,-0.5130775828799559,2.0084986001274205,-0.4945827883871715,2.0084986001274205,-0.18777942480524656,2.008498624964565,-0.5130775828799559,2.0085093184059364,-0.08762222918938363,2.0085093184059364,-0.3573182527599098,2.0085093682057464,0.11826009625609087
2.0084807797184543,-0.3367644295427617,2.0084807549855057,-0.5051139345963612,2.0084807302527015,-0.1480359133688099,2.0084795185219746,-0.5096636790683716,2.008475416047332,0.02715158520966098,2.008474279919337,-0.41159451822127996,2.008474255224285,1.2104628897194907,2.008474230529377,0.04174158800645151,2.008474230529377,0.48650132767431015,2.0084721566708037,0.18141571505612525,2.0084720332588484,-0.4195971832634866,2.00847102141642,-0.5174942849601887,2.00847040455794,-0.4816381465770301,2.0084703798854693,0.030894791465001653,2.008469935805576,0.5088145088861108,2.0084934371549905,-0.48805079736874574,2.0084934619619665,-0.4004570480795102,2.008493486769087,-0.4505106191019305,2.008493486769087,-0.5130775828799559,2.008493486769087,-0.4521513876734382,2.0084935115763525,-0.08762222918938363,2.0084938092748423,-0.5005641901243507,2.00849430548537,-0.5130775828799559,2.008498550453568,-0.08762222918938363,2.0084985752904214,0.11826009625609087,2.0084986001274205,-0.4945827883871715,2.0084986001274205,-0.18777942480524656,2.008498624964565,-0.5130775828799559,2.0085013579369884,-0.3574753333791709,2.008509741722901,-0.08762222918938363
2.0084807797184543,-0.3367644295427617,2.0084807797184543,-0.4630240118575356,2.0084807549855057,-0.5130775828799559,2.0084807302527015,-0.1480359133688099,2.0084795185219746,-0.5096636790683716,2.008475416047332,0.02715158520966098,2.008474279919337,-0.27681247704262446,2.008474255224285,1.2104628897194907,2.008474230529377,0.04174158800645151,2.008474230529377,0.48650132767431015,2.0084721566708037,0.18141571505612525,2.0084720332588484,-0.4195971832634866,2.00847102141642,-0.5174942849601887,2.00847040455794,-0.4816381465770301,2.0084703798854693,0.030894791465001653,2.008493337928537,-0.48805079736874574,2.008493362734933,-0.4505106191019305,2.008493362734933,-0.4630240118575356,2.0084933875414737,-0.5005641901243507,2.0084933875414737,-0.08762222918938363,2.0084933875414737,-0.5032234988125937,2.0084934123481597,-0.28116541087337477,2.0084934123481597,-0.5130775828799559,2.0084941318050906,-0.5130775828799559,2.008498550453568,-0.08762222918938363,2.0084985752904214,0.11826009625609087,2.0084986001274205,-0.4945827883871715,2.0084986001274205,-0.18777942480524656,2.008498624964565,-0.5130775828799559,2.0085013579369884,-0.3574753333791709
2.0084807797184543,-0.3367644295427617,2.0084807302527015,-0.1480359133688099,2.0084795185219746,-0.5096636790683716,2.008475416047332,0.02715158520966098,2.008474279919337,-0.27681247704262446,2.008474255224285,1.2104628897194907,2.008474230529377,0.04174158800645151,2.008474230529377,0.48650132767431015,2.0084721566708037,0.18141571505612525,2.0084720332588484,-0.4195971832634866,2.00847102141642,-0.5174942849601887,2.00847040455794,-0.4816381465770301,2.0084703798854693,0.030894791465001653,2.008469935805576,0.5088145088861108,2.008469097115032,0.3878866955236089,2.0084932883161795,-0.48805079736874574,2.0084932883161795,-0.4505106191019305,2.0084932883161795,-0.5032236239465212,2.0084932883161795,-0.5130775828799559,2.0084932883161795,-0.4630240118575356,2.0084933131222855,-0.2753231205234596,2.0084933875414737,-0.5005641901243507,2.0084940325624054,-0.5130775828799559,2.008498550453568,-0.08762222918938363,2.0084985752904214,0.11826009625609087,2.0084986001274205,-0.4945827883871715,2.0084986001274205,-0.18777942480524656,2.008498624964565,-0.5130775828799559,2.0085013579369884,-0.3574753333791709,2.008509741722901,-0.08762222918938363
2.008480804451547,-0.5130775828799559,2.0084807797184543,-0.3367644295427617,2.0084807797184543,-0.4630240118575356,2.0084807302527015,-0.1480359133688099,2.0084795185219746,-0.5096636790683716,2.008475416047332,0.02715158520966098,2.008474279919337,-0.27681247704262446,2.008474255224285,1.2104628897194907,2.008474230529377,0.04174158800645151,2.008474230529377,0.48650132767431015,2.0084721566708037,0.18141571505612525,2.0084720332588484,-0.4195971832634866,2.00847102141642,-0.5174942849601887,2.00847040455794,-0.4816381465770301,2.0084703798854693,0.030894791465001653,2.008493164287821,-0.48805079736874574,2.008493164287821,-0.5130775828799559,2.008493189093203,-0.28695021469697063,2.00849321389873,-0.4505106191019305,2.00849321389873,-0.4521537401912763,2.008493238704401,-0.08762222918938363,2.0084933875414737,-0.5005641901243507,2.0084939829419324,-0.5130775828799559,2.008498550453568,-0.08762222918938363,2.0084986001274205,-0.4945827883871715,2.0084986001274205,-0.18777942480524656,2.008498624964565,-0.5130775828799559,2.0085013579369884,-0.3574753333791709,2.008509741722901,-0.08762222918938363,2.0085097915276657,-0.10660054117824445
2.0084807797184543,-0.39933139332078704,2.0084807549855057,-0.5130775828799559,2.0084807302527015,-0.1480359133688099,2.0084795185219746,-0.5096636790683716,2.008475416047332,0.02715158520966098,2.008474279919337,-0.27681247704262446,2.008474255224285,1.2104628897194907,2.008474230529377,0.04174158800645151,2.008474230529377,0.48650132767431015,2.0084721566708037,0.18141571505612525,2.0084720332588484,-0.4195971832634866,2.00847102141642,-0.5174942849601887,2.00847040455794,-0.4816381465770301,2.0084703798854693,0.030894791465001653,2.008469935805576,0.5088145088861108,2.008493065067743,-0.39629379225614947,2.008493065067743,-0.5032239492947329,2.008493065067743,-0.5130775828799559,2.008493065067743,-0.4521550290707301,2.0084931146774925,-0.08762222918938363,2.0084933875414737,-0.5005641901243507,2.008493834083992,-0.5130775828799559,2.0084985256168593,0.11826009625609087,2.008498550453568,-0.08762222918938363,2.0084986001274205,-0.4945827883871715,2.0084986001274205,-0.18777942480524656,2.008498624964565,-0.5130775828799559,2.0085013579369884,-0.3574753333791709,2.008509741722901,-0.08762222918938363,2.0085097915276657,-0.10660054117824445
2.0084807797184543,-0.4493849643432073,2.0084807549855057,-0.5130775828799559,2.0084807302527015,-0.1480359133688099,2.0084795185219746,-0.5096636790683716,2.008475416047332,0.02715158520966098,2.008474279919337,-0.27681247704262446,2.008474230529377,0.04174158800645151,2.008474230529377,0.48650132767431015,2.0084741564455166,-0.5057822623900453,2.0084721566708037,0.18141571505612525,2.0084720332588484,-0.4195971832634866,2.00847102141642,-0.5174942849601887,2.00847040455794,-0.4816381465770301,2.0084703798854693,0.030894791465001653,2.008469935805576,0.5088145088861108,2.0084928170276894,-0.4004570480795102,2.0084928418310426,-0.08762222918938363,2.008492866634541,-0.48805079736874574,2.008492866634541,-0.5032242120759808,2.008492891438184,-0.4505106191019305,2.008492916241972,-0.5130775828799559,2.008492941045905,-0.5005641901243507,2.0084936852312687,-0.5130775828799559,2.0084985256168593,0.11826009625609087,2.008498550453568,-0.08762222918938363,2.0084986001274205,-0.4945827883871715,2.0084986001274205,-0.18777942480524656,2.008498624964565,-0.5130775828799559,2.0085013579369884,-0.3574753333791709,2.008509741722901,-0.08762222918938363
2.0084807797184543,-0.4493849643432073,2.0084807549855057,-0.5130775828799559,2.0084807302527015,-0.1480359133688099,2.0084795185219746,-0.5096636790683716,2.0084779116582947,-0.06102756561946715,2.0084779116582947,-0.29221058223017915,2.008475416047332,0.02715158520966098,2.008474304614533,-0.4537759013477564,2.008474279919337,1.2809746566116205,2.008474230529377,0.04174158800645151,2.008474230529377,0.48650132767431015,2.0084721566708037,0.18141571505612525,2.0084720332588484,-0.4195971832634866,2.00847102141642,-0.5174942849601887,2.00847040455794,-0.4816381465770301,2.0084925442003634,-0.48805079736874574,2.008492569002123,-0.3444502930205746,2.0084925938040277,-0.4505106191019305,2.0084925938040277,-0.5130775828799559,2.0084925938040277,-0.45215909592337566,2.0084925938040277,-0.4630240118575356,2.0084926186060774,-0.5032244748572287,2.008492941045905,-0.5005641901243507,2.0084934123481597,-0.5130775828799559,2.0084985256168593,0.11826009625609087,2.008498550453568,-0.08762222918938363,2.0084986001274205,-0.4945827883871715,2.0084986001274205,-0.18777942480524656,2.008498624964565,-0.5130775828799559,2.0085001154589275,-0.3574998596289719
2.0084807797184543,-0.4493849643432073,2.0084807797184543,-0.4630240118575356,2.0084807549855057,-0.5130775828799559,2.0084807302527015,-0.1480359133688099,2.0084795185219746,-0.5096636790683716,2.0084779116582947,-0.29221058223017915,2.008475416047332,0.02715158520966098,2.008474304614533,-0.4537759013477564,2.008474279919337,1.2809746566116205,2.008474230529377,0.04174158800645151,2.008474230529377,0.48650132767431015,2.0084721566708037,0.18141571505612525,2.0084720332588484,-0.4195971832634866,2.00847102141642,-0.5174942849601887,2.00847040455794,-0.4816381465770301,2.0084924449947725,-0.48805079736874574,2.0084924697959528,-0.5032247376384765,2.0084924697959528,-0.4505106191019305,2.008492494597278,-0.2753231205234596,2.008492494597278,-0.5130775828799559,2.0084925193987484,-0.5005641901243507,2.0084932635102177,-0.5130775828799559,2.0084985256168593,0.11826009625609087,2.008498550453568,-0.08762222918938363,2.0084986001274205,-0.4945827883871715,2.0084986001274205,-0.18777942480524656,2.008498624964565,-0.5130775828799559,2.0085001154589275,-0.3574998596289719,2.008509741722901,-0.08762222918938363,2.0085097915276657,-0.10660054117824445
2.0084807797184543,-0.4493849643432073,2.0084807797184543,-0.4630240118575356,2.0084807549855057,-0.5130775828799559,2.0084807302527015,-0.1480359133688099,2.0084795185219746,-0.5096636790683716,2.008475416047332,0.02715158520966098,2.008474279919337,1.2809746566116205,2.008474230529377,0.04174158800645151,2.008474230529377,0.48650132767431015,2.0084721566708037,0.18141571505612525,2.00847102141642,-0.5174942849601887,2.00847040455794,-0.4816381465770301,2.0084703798854693,0.030894791465001653,2.008469935805576,0.5088145088861108,2.008469097115032,0.3878866955236089,2.0084923209910435,-0.48805079736874574,2.0084923457914994,-0.4004570480795102,2.0084923457914994,-0.5130775828799559,2.0084923705921005,-0.4505106191019305,2.0084923953928464,-0.45216081025818317,2.008492420193737,-0.08762222918938363,2.0084925193987484,-0.5005641901243507,2.0084931394825842,-0.5130775828799559,2.0084985256168593,0.11826009625609087,2.008498550453568,-0.08762222918938363,2.0084986001274205,-0.4945827883871715,2.0084986001274205,-0.18777942480524656,2.008498624964565,-0.5130775828799559,2.0085001154589275,-0.3574998596289719,2.008509741722901,-0.08762222918938363
2.0084807797184543,-0.4493849643432073,2.0084807797184543,-0.4630240118575356,2.0084807549855057,-0.5130775828799559,2.0084807302527015,-0.1480359133688099,2.0084795185219746,-0.5096636790683716,2.008475416047332,0.02715158520966098,2.0084745762711864,-0.4567686794395434,2.008474551574407,-0.27978719830866516,2.008474526877772,-0.3035654100041138,2.0084743293098724,-0.24900441480398253,2.008474304614533,1.3440294800330088,2.008474230529377,0.04174158800645151,2.008474230529377,0.48650132767431015,2.0084721566708037,0.18141571505612525,2.00847102141642,-0.5174942849601887,2.008492246590544,-0.48805079736874574,2.008492246590544,-0.5130775828799559,2.008492246590544,-0.4505106191019305,2.008492246590544,-0.5032250004197243,2.0084922713905655,-0.3083389565055582,2.0084925193987484,-0.5005641901243507,2.0084929906542057,-0.5130775828799559,2.0084985256168593,0.11826009625609087,2.008498550453568,-0.08762222918938363,2.0084986001274205,-0.4945827883871715,2.0084986001274205,-0.18777942480524656,2.008498624964565,-0.5130775828799559,2.0085001154589275,-0.3574998596289719,2.008509741722901,-0.08762222918938363,2.0085097915276657,-0.10660054117824445
2.0084807797184543,-0.4493849643432073,2.0084807797184543,-0.4630240118575356,2.0084807549855057,-0.5130775828799559,2.0084807302527015,-0.1480359133688099,2.0084795185219746,-0.5096636790683716,2.008475416047332,0.02715158520966098,2.008474551574407,-0.27978719830866516,2.008474378700984,0.18141571505612525,2.0084743293098724,-0.45180859579229116,2.008474304614533,1.3440294800330088,2.008474230529377,0.04174158800645151,2.008474230529377,0.48650132767431015,2.0084736872778133,-0.5055482494321227,2.00847102141642,-0.5174942849601887,2.00847040455794,-0.4816381465770301,2.008492122592609,-0.48805079736874574,2.008492147391906,-0.4505106191019305,2.008492147391906,-0.5130775828799559,2.008492147391906,-0.503225125553652,2.0084921721913482,-0.4521627248072748,2.0084921969909355,-0.4004570480795102,2.0084925193987484,-0.5005641901243507,2.008492941045905,-0.5130775828799559,2.0084985256168593,0.11826009625609087,2.008498550453568,-0.08762222918938363,2.0084986001274205,-0.4945827883871715,2.0084986001274205,-0.18777942480524656,2.008498624964565,-0.5130775828799559,2.0085001154589275,-0.3574998596289719,2.008509741722901,-0.08762222918938363
2.0084807797184543,-0.4493849643432073,2.0084807797184543,-0.4630240118575356,2.0084807549855057,-0.5130775828799559,2.0084807302527015,-0.1480359133688099,2.0084795185219746,-0.5096636790683716,2.008475416047332,0.02715158520966098,2.008474551574407,-0.27978719830866516,2.008474378700984,0.18141571505612525,2.008474304614533,1.3440294800330088,2.008474230529377,0.04174158800645151,2.008474230529377,0.48650132767431015,2.00847102141642,-0.5174942849601887,2.00847040455794,-0.4816381465770301,2.0084703798854693,0.030894791465001653,2.008469935805576,0.5088145088861108,2.0084919985982945,-0.48805079736874574,2.008492023396868,-0.4004570480795102,2.0084920481955857,-0.5005641901243507,2.0084920481955857,-0.5130775828799559,2.0084920729944487,-0.4505106191019305,2.008492122592609,-0.08762222918938363,2.0084927922244806,-0.5130775828799559,2.0084985256168593,0.11826009625609087,2.008498550453568,-0.08762222918938363,2.0084986001274205,-0.4945827883871715,2.0084986001274205,-0.18777942480524656,2.008498624964565,-0.5130775828799559,2.0085001154589275,-0.3574998596289719,2.008509741722901,-0.08762222918938363,2.0085097915276657,-0.10660054117824445
2.0084807797184543,-0.4493849643432073,2.0084807549855057,-0.5130775828799559,2.0084807302527015,-0.1480359133688099,2.0084795185219746,-0.5096636790683716,2.008475416047332,0.02715158520966098,2.008474378700984,0.18141571505612525,2.008474304614533,1.3440294800330088,2.008474230529377,0.04174158800645151,2.008474230529377,0.48650132767431015,2.0084725762983466,-0.5040457663639573,2.00847102141642,-0.5174942849601887,2.00847040455794,-0.4816381465770301,2.0084703798854693,0.030894791465001653,2.008469935805576,0.5088145088861108,2.008466483439698,0.03757564180364818,2.0084919242034442,-0.48805079736874574,2.0084919242034442,-0.4630240118575356,2.0084919242034442,-0.503225325767936,2.0084919242034442,-0.5130775828799559,2.0084919242034442,-0.4505106191019305,2.0084919242034442,-0.452164864597436,2.008491949001583,-0.08762222918938363,2.008491949001583,-0.4004570480795102,2.0084920481955857,-0.5005641901243507,2.0084926930130953,-0.5130775828799559,2.0084985256168593,0.11826009625609087,2.008498550453568,-0.08762222918938363,2.0084986001274205,-0.4945827883871715,2.0084986001274205,-0.18777942480524656,2.008498624964565,-0.5130775828799559
2.0084807797184543,-0.4493849643432073,2.0084807549855057,-0.5130775828799559,2.0084807302527015,-0.1480359133688099,2.0084795185219746,-0.5096636790683716,2.0084765030635503,0.18141571505612525,2.008475416047332,0.02715158520966098,2.0084743293098724,-0.009793431070912082,2.008474304614533,1.3440294800330088,2.008474230529377,0.04174158800645151,2.008474230529377,0.48650132767431015,2.00847102141642,-0.5174942849601887,2.00847040455794,-0.4816381465770301,2.0084703798854693,0.030894791465001653,2.008469935805576,0.5088145088861108,2.008466483439698,0.03757564180364818,2.0084918746076013,-0.48805079736874574,2.0084918746076013,-0.5032254509018635,2.0084918746076013,-0.5130775828799559,2.0084918746076013,-0.4505106191019305,2.0084918746076013,-0.4521653025661824,2.0084918994054504,-0.33634470532295324,2.0084919985982945,-0.08762222918938363,2.0084920481955857,-0.5005641901243507,2.008492643408272,-0.5130775828799559,2.0084985256168593,0.11826009625609087,2.008498550453568,-0.08762222918938363,2.0084986001274205,-0.4945827883871715,2.0084986001274205,-0.18777942480524656,2.008498624964565,-0.5130775828799559,2.0085001154589275,-0.3574998596289719
2.0084807797184543,-0.4493849643432073,2.0084807549855057,-0.5130775828799559,2.0084807302527015,-0.1480359133688099,2.0084795185219746,-0.5096636790683716,2.0084765030635503,0.18141571505612525,2.008475416047332,0.02715158520966098,2.0084743293098724,-0.4256724479597256,2.008474304614533,1.3440294800330088,2.008474230529377,0.04174158800645151,2.008474230529377,0.48650132767431015,2.00847102141642,-0.5174942849601887,2.00847040455794,-0.4816381465770301,2.0084703798854693,0.030894791465001653,2.008469935805576,0.5088145088861108,2.008466483439698,0.03757564180364818,2.0084917506205286,-0.48805079736874574,2.0084917506205286,-0.3802001926992382,2.0084917506205286,-0.5130775828799559,2.0084917506205286,-0.5032255885491839,2.0084917754176534,-0.08762222918938363,2.008491800214923,-0.4505106191019305,2.008491825012338,-0.4521657280215361,2.0084920481955857,-0.5005641901243507,2.0084925193987484,-0.5130775828799559,2.0084985256168593,0.11826009625609087,2.008498550453568,-0.08762222918938363,2.0084986001274205,-0.4945827883871715,2.0084986001274205,-0.18777942480524656,2.008498624964565,-0.5130775828799559,2.0085001154589275,-0.3574998596289719
