2.008374755928279,-0.40886681132823494,2.0083711638163066,-0.5130775828799559,2.0083711638163066,-0.4630240118575356,2.0083397621389714,1.6892795421065359,2.0083363672588317,-0.5130775828799559,2.008332330473751,-0.32200582129198224,2.008332330473751,-0.2849041999010727,2.0083279636868707,-0.5108957101789102,2.0083199816891737,0.1651483044738388,2.008316745601391,2.5533167984883103,2.0083165553216804,0.46851674174435015,2.0083089750073575,-0.3135934552575643,2.008298802552424,-0.5130775828799559,2.008279970046326,0.3878866955236089,2.0082652379666603,0.2689844751000279,2.0083747800468275,0.4447508682541586,2.0083747800468275,-0.5014661304473893,2.0083747800468275,0.9541130251924549,2.0083747800468275,-0.3879436553239052,2.0083750212399525,-0.5065765875353856,2.0083751418417246,-0.5130775828799559,2.0083813454538118,-0.5005641901243507,2.0083813454538118,0.12260276910478153,2.008384366098098,0.44410111033532385,2.008391697183241,-0.36031951493198516,2.0083923268505397,-0.5130775828799559,2.008395185759363,2.5535795797361778,2.0083968583968583,-0.5130775828799559,2.0083968826428813,0.44410111033532385,2.0084039684764483,-0.11264901470059371
2.008374755928279,-0.40886681132823494,2.0083711638163066,-0.5130775828799559,2.0083711638163066,-0.4630240118575356,2.0083397621389714,1.6892795421065359,2.0083363672588317,-0.5130775828799559,2.008332330473751,-0.32200582129198224,2.008332330473751,-0.2849041999010727,2.0083279636868707,-0.5108957101789102,2.0083199816891737,0.1651483044738388,2.008317792295459,-0.49332157604472693,2.008316745601391,2.5533167984883103,2.0083160796604935,0.5717031919918828,2.0083089750073575,-0.3135934552575643,2.008298802552424,-0.5130775828799559,2.0082955592513456,-0.2937196223161486,2.0083747800468275,0.4447508682541586,2.0083747800468275,-0.5014661304473893,2.0083747800468275,0.9541130251924549,2.0083747800468275,-0.3879436553239052,2.0083750212399525,-0.5065765875353856,2.0083751418417246,-0.5130775828799559,2.0083813454538118,-0.5005641901243507,2.0083813454538118,0.12260276910478153,2.008384366098098,0.44410111033532385,2.008391697183241,-0.36031951493198516,2.0083923268505397,-0.5130775828799559,2.008395185759363,2.5535795797361778,2.0083968583968583,-0.5130775828799559,2.0083968826428813,0.44410111033532385,2.0084039684764483,-0.11264901470059371
2.008374755928279,-0.40886681132823494,2.0083711638163066,-0.5130775828799559,2.0083711638163066,-0.4630240118575356,2.0083397621389714,1.6892795421065359,2.0083363672588317,-0.5130775828799559,2.008332330473751,-0.32200582129198224,2.0083279636868707,-0.5108957101789102,2.0083199816891737,0.1651483044738388,2.008316745601391,2.5533167984883103,2.0083160796604935,0.5717031919918828,2.0083089750073575,-0.3135934552575643,2.008298802552424,-0.5130775828799559,2.008279970046326,0.3878866955236089,2.0082652379666603,0.2689844751000279,2.008253649288023,1.3590780986742919,2.0083747800468275,0.4447508682541586,2.0083747800468275,-0.5014661304473893,2.0083747800468275,0.9541130251924549,2.0083747800468275,-0.3879436553239052,2.0083750212399525,-0.5065765875353856,2.0083751418417246,-0.5130775828799559,2.0083813454538118,-0.5005641901243507,2.0083813454538118,0.12260276910478153,2.008384366098098,0.44410111033532385,2.008391697183241,-0.36031951493198516,2.0083923268505397,-0.5130775828799559,2.008395185759363,2.5535795797361778,2.0083968583968583,-0.5130775828799559,2.0083968826428813,0.44410111033532385,2.0084039684764483,-0.11264901470059371
2.008374755928279,-0.40886681132823494,2.0083711638163066,-0.5130775828799559,2.0083711638163066,-0.4630240118575356,2.0083397621389714,1.6892795421065359,2.0083363672588317,-0.5130775828799559,2.0083348380754207,0.06715977992966418,2.008332330473751,-0.32200582129198224,2.0083279636868707,-0.5108957101789102,2.0083199816891737,0.1651483044738388,2.008316745601391,2.5533167984883103,2.0083160796604935,0.5717031919918828,2.0083089750073575,-0.3135934552575643,2.008298802552424,-0.5130775828799559,2.0082955592513456,3.057994641928902,2.008279970046326,0.3878866955236089,2.0083747800468275,0.4447508682541586,2.0083747800468275,-0.5014661304473893,2.0083747800468275,0.9541130251924549,2.0083747800468275,-0.3879436553239052,2.0083750212399525,-0.5065765875353856,2.0083751418417246,-0.5130775828799559,2.0083813454538118,-0.5005641901243507,2.0083813454538118,0.12260276910478153,2.008384366098098,0.44410111033532385,2.008391697183241,-0.36031951493198516,2.0083923268505397,-0.5130775828799559,2.008395185759363,2.5535795797361778,2.0083968583968583,-0.5130775828799559,2.0083968826428813,0.44410111033532385,2.0084039684764483,-0.11264901470059371
2.008374755928279,-0.40886681132823494,2.0083711638163066,-0.5130775828799559,2.0083711638163066,-0.4630240118575356,2.0083397621389714,1.6892795421065359,2.0083363672588317,-0.5130775828799559,2.0083362716684294,0.20487964037912423,2.008332330473751,-0.32200582129198224,2.0083279636868707,-0.5108957101789102,2.0083199816891737,0.1651483044738388,2.008316745601391,2.5533167984883103,2.0083160796604935,0.5717031919918828,2.0083089750073575,-0.3135934552575643,2.008298802552424,-0.5130775828799559,2.008295511922659,-0.49434515905874266,2.008279970046326,0.3878866955236089,2.0083747800468275,0.4447508682541586,2.0083747800468275,-0.5014661304473893,2.0083747800468275,0.9541130251924549,2.0083747800468275,-0.3879436553239052,2.0083750212399525,-0.5065765875353856,2.0083751418417246,-0.5130775828799559,2.0083813454538118,-0.5005641901243507,2.0083813454538118,0.12260276910478153,2.008384366098098,0.44410111033532385,2.008391697183241,-0.36031951493198516,2.0083923268505397,-0.5130775828799559,2.008395185759363,2.5535795797361778,2.0083968583968583,-0.5130775828799559,2.0083968826428813,0.44410111033532385,2.0084039684764483,-0.11264901470059371
2.008374755928279,-0.40886681132823494,2.0083711638163066,-0.5130775828799559,2.0083711638163066,-0.4630240118575356,2.0083397621389714,1.6892795421065359,2.0083364628514255,0.005614784937989129,2.0083363672588317,-0.5130775828799559,2.0083362716684294,0.20487964037912423,2.0083345991911883,0.4353081619736369,2.008332330473751,-0.32200582129198224,2.0083279636868707,-0.5108957101789102,2.008324340107117,-0.42962580413300394,2.0083199816891737,0.1651483044738388,2.0083160796604935,0.5717031919918828,2.008313512030006,2.5560822582872986,2.0083089750073575,-0.3135934552575643,2.0083747800468275,0.4447508682541586,2.0083747800468275,-0.5014661304473893,2.0083747800468275,0.9541130251924549,2.0083747800468275,-0.3879436553239052,2.0083750212399525,-0.5065765875353856,2.0083751418417246,-0.5130775828799559,2.0083813454538118,-0.5005641901243507,2.0083813454538118,0.12260276910478153,2.008384366098098,0.44410111033532385,2.008391697183241,-0.36031951493198516,2.008391939351789,2.554167709195691,2.0083923268505397,-0.5130775828799559,2.0083968583968583,-0.5130775828799559,2.0083968826428813,0.44410111033532385,2.0084039684764483,-0.11264901470059371
2.008374755928279,-0.40886681132823494,2.0083711638163066,-0.5130775828799559,2.0083711638163066,-0.4630240118575356,2.0083418195378724,0.15026716508119628,2.0083397621389714,1.6892795421065359,2.008336654043191,0.4938993831187442,2.0083363672588317,-0.5130775828799559,2.0083362716684294,0.20487964037912423,2.008332330473751,-0.32200582129198224,2.0083279636868707,-0.5108957101789102,2.008327629804209,-0.4141264655980564,2.0083252695406215,-0.49519250344918847,2.0083199816891737,0.1651483044738388,2.0083160796604935,0.5717031919918828,2.008313512030006,2.5560822582872986,2.0083747800468275,0.4447508682541586,2.0083747800468275,-0.5014661304473893,2.0083747800468275,0.9541130251924549,2.0083747800468275,-0.3879436553239052,2.0083750212399525,-0.5065765875353856,2.0083751418417246,-0.5130775828799559,2.0083813454538118,-0.5005641901243507,2.0083813454538118,0.12260276910478153,2.008384366098098,0.44410111033532385,2.008391697183241,-0.36031951493198516,2.008391939351789,2.554167709195691,2.0083923268505397,-0.5130775828799559,2.0083968583968583,-0.5130775828799559,2.0083968826428813,0.44410111033532385,2.0084039684764483,-0.11264901470059371
2.008374755928279,-0.40886681132823494,2.0083711638163066,-0.5130775828799559,2.0083711638163066,-0.4630240118575356,2.0083418195378724,0.15026716508119628,2.0083397621389714,1.6892795421065359,2.0083363672588317,-0.5130775828799559,2.0083362716684294,0.20487964037912423,2.008332330473751,-0.32200582129198224,2.0083300868529,-0.4162075053802773,2.0083279636868707,-0.5108957101789102,2.0083199816891737,0.1651483044738388,2.0083160796604935,0.5717031919918828,2.008313512030006,2.5560822582872986,2.0083089750073575,-0.3135934552575643,2.008298802552424,-0.5130775828799559,2.0083747800468275,0.4447508682541586,2.0083747800468275,-0.5014661304473893,2.0083747800468275,0.9541130251924549,2.0083747800468275,-0.4004570480795102,2.0083750212399525,-0.5065765875353856,2.0083751418417246,-0.5130775828799559,2.0083813454538118,-0.5005641901243507,2.0083813454538118,0.12260276910478153,2.008384366098098,0.44410111033532385,2.008391697183241,-0.36031951493198516,2.0083923268505397,-0.5130775828799559,2.008392859719757,2.5572960573845926,2.0083968583968583,-0.5130775828799559,2.0083968826428813,0.44410111033532385,2.0084039684764483,-0.11264901470059371
2.008374755928279,-0.40886681132823494,2.0083711638163066,-0.5130775828799559,2.0083711638163066,-0.4630240118575356,2.0083418195378724,0.15026716508119628,2.0083397621389714,1.6892795421065359,2.0083363672588317,-0.5130775828799559,2.0083362716684294,0.20487964037912423,2.0083341931194187,-0.4132706871808933,2.008332330473751,-0.32200582129198224,2.0083279636868707,-0.5108957101789102,2.008325198038368,-0.49492516732635766,2.0083199816891737,0.1651483044738388,2.0083160796604935,0.5717031919918828,2.008313512030006,2.5560822582872986,2.008308998748507,-0.33742855283647993,2.0083747800468275,0.4447508682541586,2.0083747800468275,-0.5014661304473893,2.0083747800468275,0.9541130251924549,2.0083747800468275,-0.4004570480795102,2.0083750212399525,-0.5065765875353856,2.0083751418417246,-0.5130775828799559,2.0083813454538118,-0.5005641901243507,2.0083813454538118,0.12260276910478153,2.008384366098098,0.44410111033532385,2.008391697183241,-0.36031951493198516,2.0083923268505397,-0.5130775828799559,2.008392859719757,2.5572960573845926,2.0083968583968583,-0.5130775828799559,2.0083968826428813,0.44410111033532385,2.0084073457304097,-0.11264901470059371
2.008374755928279,-0.40886681132823494,2.0083711638163066,-0.5130775828799559,2.0083711638163066,-0.4630240118575356,2.0083418195378724,0.15026716508119628,2.0083397621389714,1.6892795421065359,2.0083363672588317,-0.5130775828799559,2.0083362716684294,0.20487964037912423,2.0083341931194187,-0.4132706871808933,2.008332330473751,-0.32200582129198224,2.0083279636868707,-0.5108957101789102,2.008325198038368,-0.49492516732635766,2.0083199816891737,0.1651483044738388,2.0083160796604935,0.5717031919918828,2.008313512030006,2.5560822582872986,2.008308998748507,-0.33742855283647993,2.0083747800468275,0.4447508682541586,2.0083747800468275,-0.5014661304473893,2.0083747800468275,0.9541130251924549,2.0083747800468275,-0.3879436553239052,2.0083750212399525,-0.5065765875353856,2.0083751418417246,-0.5130775828799559,2.0083813454538118,-0.5005641901243507,2.0083813454538118,0.12260276910478153,2.008384366098098,0.44410111033532385,2.008391697183241,-0.36031951493198516,2.0083923268505397,-0.5130775828799559,2.008392859719757,2.5572960573845926,2.0083968583968583,-0.5130775828799559,2.0083968826428813,0.44410111033532385,2.0084073457304097,-0.11264901470059371
2.008374755928279,-0.40886681132823494,2.0083711638163066,-0.5130775828799559,2.0083711638163066,-0.4630240118575356,2.0083418195378724,0.15026716508119628,2.0083397621389714,1.6892795421065359,2.0083363672588317,-0.5130775828799559,2.0083362716684294,0.20487964037912423,2.0083341931194187,-0.4132706871808933,2.008332330473751,-0.32200582129198224,2.0083279636868707,-0.5108957101789102,2.008325198038368,-0.49492516732635766,2.0083199816891737,0.1651483044738388,2.0083160796604935,0.5717031919918828,2.008313512030006,2.5560822582872986,2.0083089750073575,-0.3135934552575643,2.0083747800468275,0.4447508682541586,2.0083747800468275,-0.5014661304473893,2.0083747800468275,0.9541130251924549,2.0083747800468275,-0.3879436553239052,2.0083750212399525,-0.5065765875353856,2.0083751418417246,-0.5130775828799559,2.0083813454538118,-0.5005641901243507,2.0083813454538118,0.12260276910478153,2.008384366098098,0.44410111033532385,2.008391697183241,-0.36031951493198516,2.0083923268505397,-0.5130775828799559,2.008392859719757,2.5572960573845926,2.0083968583968583,-0.5130775828799559,2.0083968826428813,0.44410111033532385,2.0084073457304097,-0.11264901470059371
2.008374755928279,-0.40886681132823494,2.0083711638163066,-0.5130775828799559,2.0083711638163066,-0.4630240118575356,2.0083397621389714,1.6892795421065359,2.0083363672588317,-0.5130775828799559,2.0083341931194187,-0.4132706871808933,2.008332330473751,-0.32200582129198224,2.0083279636868707,-0.5108957101789102,2.008325198038368,-0.49492516732635766,2.008323958861095,-0.4970149789969002,2.008321124439154,2.5580093207716623,2.0083199816891737,0.1651483044738388,2.0083160796604935,0.5717031919918828,2.0083124426518637,0.003600153731122212,2.0083118961870463,-0.3260435427592188,2.0083747800468275,0.4447508682541586,2.0083747800468275,-0.5014661304473893,2.0083747800468275,0.9541130251924549,2.0083747800468275,-0.3879436553239052,2.0083750212399525,-0.5065765875353856,2.0083751418417246,-0.5130775828799559,2.0083813454538118,-0.5005641901243507,2.0083813454538118,0.12260276910478153,2.008384366098098,0.44410111033532385,2.008391697183241,-0.36031951493198516,2.0083923268505397,-0.5130775828799559,2.0083968583968583,-0.5130775828799559,2.0083968826428813,0.44410111033532385,2.008399623345638,2.554830919011738,2.0084073457304097,-0.11264901470059371
2.008374755928279,-0.40886681132823494,2.0083711638163066,-0.5130775828799559,2.0083711638163066,-0.4630240118575356,2.0083397621389714,1.6892795421065359,2.0083363672588317,-0.5130775828799559,2.0083341931194187,-0.4132706871808933,2.008332330473751,-0.32200582129198224,2.0083279636868707,-0.5108957101789102,2.008325198038368,-0.49492516732635766,2.008321124439154,2.5580093207716623,2.0083199816891737,0.1651483044738388,2.0083160796604935,0.5717031919918828,2.0083089750073575,-0.3135934552575643,2.008298802552424,-0.5130775828799559,2.008284310234314,0.2037038694824147,2.0083747800468275,0.4447508682541586,2.0083747800468275,-0.5014661304473893,2.0083747800468275,0.9541130251924549,2.0083747800468275,-0.3879436553239052,2.0083750212399525,-0.5065765875353856,2.0083751418417246,-0.5130775828799559,2.0083813454538118,-0.5005641901243507,2.0083813454538118,0.12260276910478153,2.008384366098098,0.44410111033532385,2.008391697183241,-0.36031951493198516,2.0083923268505397,-0.5130775828799559,2.0083968583968583,-0.5130775828799559,2.0083968826428813,0.44410111033532385,2.008399623345638,2.554830919011738,2.0084073457304097,-0.11264901470059371
2.008374755928279,-0.40886681132823494,2.0083711638163066,-0.5130775828799559,2.0083711638163066,-0.4630240118575356,2.0083397621389714,1.6892795421065359,2.0083363672588317,-0.5130775828799559,2.0083341931194187,-0.4132706871808933,2.008332330473751,-0.32200582129198224,2.0083279636868707,-0.5108957101789102,2.008327272102493,0.1708429493026305,2.008325198038368,-0.49492516732635766,2.0083242924494544,-0.49622677290061745,2.008321124439154,2.5580093207716623,2.0083199816891737,0.1651483044738388,2.0083160796604935,0.5717031919918828,2.008308998748507,2.5109584759882697,2.0083747800468275,0.4447508682541586,2.0083747800468275,-0.5014661304473893,2.0083747800468275,0.9541130251924549,2.0083747800468275,-0.3879436553239052,2.0083750212399525,-0.5065765875353856,2.0083751418417246,-0.5130775828799559,2.0083813454538118,-0.5005641901243507,2.0083813454538118,0.12260276910478153,2.008384366098098,0.44410111033532385,2.008391697183241,-0.36031951493198516,2.0083923268505397,-0.5130775828799559,2.0083968583968583,-0.5130775828799559,2.0083968826428813,0.44410111033532385,2.008399623345638,2.554830919011738,2.0084073457304097,-0.11264901470059371
2.008374755928279,-0.40886681132823494,2.0083711638163066,-0.5130775828799559,2.0083711638163066,-0.4630240118575356,2.0083397621389714,1.6892795421065359,2.0083363672588317,-0.5130775828799559,2.0083341931194187,-0.4132706871808933,2.008332330473751,-0.32200582129198224,2.0083279636868707,-0.5108957101789102,2.008327272102493,0.1708429493026305,2.008325198038368,-0.49492516732635766,2.0083242924494544,-0.49622677290061745,2.008321124439154,2.5580093207716623,2.0083179588392612,0.1651483044738388,2.0083160796604935,0.5717031919918828,2.0083089750073575,-0.3135934552575643,2.0083747800468275,0.4447508682541586,2.0083747800468275,-0.5014661304473893,2.0083747800468275,0.9541130251924549,2.0083747800468275,-0.3879436553239052,2.0083750212399525,-0.5065765875353856,2.0083751418417246,-0.5130775828799559,2.0083813454538118,-0.5005641901243507,2.0083813454538118,0.12260276910478153,2.008384366098098,0.44410111033532385,2.008391697183241,-0.36031951493198516,2.0083923268505397,-0.5130775828799559,2.0083968583968583,-0.5130775828799559,2.0083968826428813,0.44410111033532385,2.008399623345638,2.554830919011738,2.0084073457304097,-0.11264901470059371
2.008374755928279,-0.40886681132823494,2.0083711638163066,-0.5130775828799559,2.0083711638163066,-0.4630240118575356,2.0083397621389714,1.6892795421065359,2.0083363672588317,-0.5130775828799559,2.0083341931194187,-0.4132706871808933,2.008332330473751,-0.32200582129198224,2.0083279636868707,-0.5108957101789102,2.008327272102493,0.1708429493026305,2.008325198038368,-0.49492516732635766,2.008324316278218,-0.495338246934613,2.008321124439154,2.5580093207716623,2.0083179588392612,0.1651483044738388,2.0083160796604935,0.5717031919918828,2.0083089750073575,-0.3135934552575643,2.0083747800468275,0.4447508682541586,2.0083747800468275,-0.5014661304473893,2.0083747800468275,0.9541130251924549,2.0083747800468275,-0.3879436553239052,2.0083750212399525,-0.5065765875353856,2.0083751418417246,-0.5130775828799559,2.0083813454538118,-0.5005641901243507,2.0083813454538118,0.12260276910478153,2.008384366098098,0.44410111033532385,2.008391697183241,-0.36031951493198516,2.0083923268505397,-0.5130775828799559,2.0083968583968583,-0.5130775828799559,2.0083968826428813,0.44410111033532385,2.008399623345638,2.554830919011738,2.0084073457304097,-0.11264901470059371
2.008374755928279,-0.40886681132823494,2.0083711638163066,-0.5130775828799559,2.0083711638163066,-0.4630240118575356,2.0083397621389714,1.6892795421065359,2.0083363672588317,-0.5130775828799559,2.0083341931194187,-0.4132706871808933,2.008332330473751,-0.32200582129198224,2.0083279636868707,-0.5108957101789102,2.008327272102493,0.1708429493026305,2.008325198038368,-0.49492516732635766,2.0083242924494544,-0.49554222774992207,2.0083179588392612,0.1651483044738388,2.0083161034422607,-0.11139619884468806,2.0083160796604935,0.5717031919918828,2.00831515227766,2.5540550886608906,2.0083747800468275,0.4447508682541586,2.0083747800468275,-0.5014661304473893,2.0083747800468275,0.9541130251924549,2.0083747800468275,-0.3879436553239052,2.0083750212399525,-0.5065765875353856,2.0083751418417246,-0.5130775828799559,2.0083813454538118,-0.5005641901243507,2.0083813454538118,0.12260276910478153,2.008384366098098,0.44410111033532385,2.008391697183241,-0.36031951493198516,2.0083923268505397,-0.5130775828799559,2.008393586468661,2.5566453609613013,2.0083968583968583,-0.5130775828799559,2.0083968826428813,0.44410111033532385,2.0084073457304097,-0.11264901470059371
2.008374755928279,-0.40886681132823494,2.0083711638163066,-0.5130775828799559,2.0083711638163066,-0.4630240118575356,2.0083397621389714,1.6892795421065359,2.0083363672588317,-0.5130775828799559,2.0083341931194187,-0.4132706871808933,2.008332330473751,-0.32200582129198224,2.0083279636868707,-0.5108957101789102,2.008325198038368,-0.49492516732635766,2.008323911207797,-0.4973193672756804,2.0083220293388737,2.5560947716800544,2.0083179588392612,0.1651483044738388,2.0083161034422607,-0.11139619884468806,2.0083160796604935,0.5717031919918828,2.0083089750073575,-0.3135934552575643,2.0083747800468275,0.4447508682541586,2.0083747800468275,-0.5014661304473893,2.0083747800468275,0.9541130251924549,2.0083747800468275,-0.3879436553239052,2.0083750212399525,-0.5065765875353856,2.0083751418417246,-0.5130775828799559,2.0083813454538118,-0.5005641901243507,2.0083813454538118,0.12260276910478153,2.008384366098098,0.44410111033532385,2.008391697183241,-0.36031951493198516,2.0083923268505397,-0.5130775828799559,2.0083968583968583,-0.5130775828799559,2.0083968826428813,0.44410111033532385,2.0084005211327414,2.559911356470514,2.0084073457304097,-0.11264901470059371
2.008374755928279,-0.40886681132823494,2.0083711638163066,-0.5130775828799559,2.0083711638163066,-0.4630240118575356,2.0083397621389714,1.6892795421065359,2.0083363672588317,-0.5130775828799559,2.0083341931194187,-0.4132706871808933,2.008332330473751,-0.32200582129198224,2.0083279636868707,-0.5108957101789102,2.008325198038368,-0.49492516732635766,2.008323792076941,-0.4961959524142604,2.0083220293388737,2.5560947716800544,2.0083179588392612,0.1651483044738388,2.008317126186935,0.05302038440600302,2.0083161034422607,-0.060686875988303086,2.0083160796604935,0.5717031919918828,2.0083747800468275,0.4447508682541586,2.0083747800468275,-0.5014661304473893,2.0083747800468275,0.9541130251924549,2.0083747800468275,-0.3879436553239052,2.0083750212399525,-0.5065765875353856,2.0083751418417246,-0.5130775828799559,2.0083813454538118,-0.5005641901243507,2.0083813454538118,0.12260276910478153,2.008384366098098,0.44410111033532385,2.008391697183241,-0.36031951493198516,2.0083923268505397,-0.5130775828799559,2.0083968583968583,-0.5130775828799559,2.0083968826428813,0.44410111033532385,2.0084005211327414,2.559911356470514,2.0084073457304097,-0.11264901470059371
2.008374755928279,-0.40886681132823494,2.0083711638163066,-0.5130775828799559,2.0083711638163066,-0.4630240118575356,2.0083397621389714,1.6892795421065359,2.0083363672588317,-0.5130775828799559,2.0083341931194187,-0.4132706871808933,2.008332330473751,-0.32200582129198224,2.0083279636868707,-0.5108957101789102,2.008325198038368,-0.49492516732635766,2.008323792076941,-0.4961959524142604,2.0083160796604935,0.5717031919918828,2.008315604053714,0.1651483044738388,2.00831515227766,2.557083329707747,2.0083089750073575,-0.3135934552575643,2.008300010560536,2.5898567312185987,2.0083747800468275,0.4447508682541586,2.0083747800468275,-0.5014661304473893,2.0083747800468275,0.9541130251924549,2.0083747800468275,-0.3879436553239052,2.0083750212399525,-0.5065765875353856,2.0083751418417246,-0.5130775828799559,2.0083813454538118,-0.5005641901243507,2.0083813454538118,0.12260276910478153,2.008384366098098,0.44410111033532385,2.008391697183241,-0.36031951493198516,2.0083923268505397,-0.5130775828799559,2.008393586468661,2.555569209184319,2.0083968583968583,-0.5130775828799559,2.0083968826428813,0.44410111033532385,2.0084073457304097,-0.11264901470059371
2.008374755928279,-0.40886681132823494,2.0083711638163066,-0.5130775828799559,2.0083711638163066,-0.4630240118575356,2.0083397621389714,1.6892795421065359,2.0083363672588317,-0.5130775828799559,2.0083345991911883,0.4295918689753779,2.0083341931194187,-0.4132706871808933,2.008332330473751,-0.32200582129198224,2.0083279636868707,-0.5108957101789102,2.008325198038368,-0.49492516732635766,2.008321457800365,-0.49704252097435536,2.0083214339879643,-0.493888783111553,2.008317126186935,0.09454985731009068,2.0083161034422607,-0.0968931265873708,2.0083160796604935,0.5717031919918828,2.0083747800468275,0.4447508682541586,2.0083747800468275,-0.5014661304473893,2.0083747800468275,0.9541130251924549,2.0083747800468275,-0.3879436553239052,2.0083750212399525,-0.5065765875353856,2.0083751418417246,-0.5130775828799559,2.0083813454538118,-0.5005641901243507,2.0083813454538118,0.12260276910478153,2.008384366098098,0.44410111033532385,2.008391697183241,-0.36031951493198516,2.0083923268505397,-0.5130775828799559,2.008393586468661,2.555569209184319,2.0083968583968583,-0.5130775828799559,2.0083968826428813,0.44410111033532385,2.0084073457304097,-0.11264901470059371
2.008374755928279,-0.40886681132823494,2.0083711638163066,-0.5130775828799559,2.0083711638163066,-0.4630240118575356,2.0083397621389714,1.6892795421065359,2.0083363672588317,-0.5130775828799559,2.0083345991911883,0.48159950638372806,2.0083341931194187,-0.4132706871808933,2.008332330473751,-0.32200582129198224,2.0083279636868707,-0.5108957101789102,2.008325198038368,-0.49492516732635766,2.0083218864468866,-0.4969543390956066,2.008317126186935,0.09454985731009068,2.0083161034422607,-0.0968931265873708,2.0083160796604935,0.5717031919918828,2.008315675391263,2.557433704704904,2.0083747800468275,0.4447508682541586,2.0083747800468275,-0.5014661304473893,2.0083747800468275,0.9541130251924549,2.0083747800468275,-0.3879436553239052,2.0083750212399525,-0.5065765875353856,2.0083751418417246,-0.5130775828799559,2.0083813454538118,-0.5005641901243507,2.0083813454538118,0.12260276910478153,2.008384366098098,0.44410111033532385,2.008391697183241,-0.36031951493198516,2.0083923268505397,-0.5130775828799559,2.008393586468661,2.555569209184319,2.0083968583968583,-0.5130775828799559,2.0083968826428813,0.44410111033532385,2.0084073457304097,-0.11264901470059371
2.008374755928279,-0.40886681132823494,2.0083711638163066,-0.5130775828799559,2.0083711638163066,-0.4630240118575356,2.0083397621389714,1.6892795421065359,2.0083363672588317,-0.5130775828799559,2.0083345991911883,0.48159950638372806,2.0083341931194187,-0.4132706871808933,2.008332330473751,-0.32200582129198224,2.0083279636868707,-0.5108957101789102,2.008325198038368,-0.49492516732635766,2.0083161034422607,0.41274254808977745,2.0083160796604935,0.5717031919918828,2.008315604053714,0.1651483044738388,2.0083151998307223,2.5548559457972497,2.0083000579405694,-0.4952386403282783,2.0083747800468275,0.4447508682541586,2.0083747800468275,-0.5014661304473893,2.0083747800468275,0.9541130251924549,2.0083747800468275,-0.3879436553239052,2.0083750212399525,-0.5065765875353856,2.0083751418417246,-0.5130775828799559,2.0083813454538118,-0.5005641901243507,2.0083813454538118,0.12260276910478153,2.008384366098098,0.44410111033532385,2.008391697183241,-0.36031951493198516,2.0083923268505397,-0.5130775828799559,2.008393586468661,2.555569209184319,2.0083968583968583,-0.5130775828799559,2.0083968826428813,0.44410111033532385,2.0084073457304097,-0.11264901470059371
2.008374755928279,-0.40886681132823494,2.0083711638163066,-0.5130775828799559,2.0083711638163066,-0.4630240118575356,2.0083397621389714,1.6892795421065359,2.0083363672588317,-0.5130775828799559,2.0083345991911883,0.48159950638372806,2.0083341931194187,-0.4132706871808933,2.008332330473751,-0.32200582129198224,2.0083279636868707,-0.5108957101789102,2.008325198038368,-0.49492516732635766,2.0083223865903115,-0.49674677944996937,2.0083160796604935,0.5717031919918828,2.008315604053714,0.1651483044738388,2.0083151998307223,2.5548559457972497,2.008300010560536,2.5841929444163423,2.0083747800468275,0.4447508682541586,2.0083747800468275,-0.5014661304473893,2.0083747800468275,0.9541130251924549,2.0083747800468275,-0.3879436553239052,2.0083750212399525,-0.5065765875353856,2.0083751418417246,-0.5130775828799559,2.0083813454538118,-0.5005641901243507,2.0083813454538118,0.12260276910478153,2.008384366098098,0.44410111033532385,2.008391697183241,-0.36031951493198516,2.0083923268505397,-0.5130775828799559,2.008393586468661,2.555569209184319,2.0083968583968583,-0.5130775828799559,2.0083968826428813,0.44410111033532385,2.0084073457304097,-0.11264901470059371
2.008374755928279,-0.40886681132823494,2.0083711638163066,-0.5130775828799559,2.0083711638163066,-0.4630240118575356,2.0083397621389714,1.6892795421065359,2.0083363672588317,-0.5130775828799559,2.0083345991911883,0.48159950638372806,2.0083341931194187,-0.4132706871808933,2.008332330473751,-0.32200582129198224,2.0083279636868707,-0.5108957101789102,2.008325198038368,-0.49492516732635766,2.008323172651451,-0.49377509893836824,2.0083160796604935,0.5717031919918828,2.008315604053714,0.1651483044738388,2.0083151998307223,2.5548559457972497,2.0083000342504853,-0.3308616244254804,2.0083747800468275,0.4447508682541586,2.0083747800468275,-0.5014661304473893,2.0083747800468275,0.9541130251924549,2.0083747800468275,-0.3879436553239052,2.0083750212399525,-0.5065765875353856,2.0083751418417246,-0.5130775828799559,2.008381297141194,-0.5130775828799559,2.008381321297433,2.548036146745445,2.0083813454538118,-0.5005641901243507,2.0083813454538118,0.12260276910478153,2.008384366098098,0.44410111033532385,2.008391697183241,-0.36031951493198516,2.0083923268505397,-0.5130775828799559,2.0083968583968583,-0.5130775828799559,2.0083968826428813,0.44410111033532385
2.008374755928279,-0.40886681132823494,2.0083711638163066,-0.5130775828799559,2.0083711638163066,-0.4630240118575356,2.0083397621389714,1.6892795421065359,2.0083363672588317,-0.5130775828799559,2.0083345991911883,0.48159950638372806,2.0083341931194187,-0.4132706871808933,2.008332330473751,-0.32200582129198224,2.0083279636868707,-0.5108957101789102,2.008325198038368,-0.49492516732635766,2.0083160796604935,0.5717031919918828,2.008315604053714,0.1651483044738388,2.0083118961870463,-0.26236313729379973,2.0083030202664505,2.54824887442229,2.008298802552424,-0.5130775828799559,2.0083747800468275,0.4447508682541586,2.0083747800468275,-0.5014661304473893,2.0083747800468275,0.9541130251924549,2.0083747800468275,-0.3879436553239052,2.0083750212399525,-0.5065765875353856,2.0083751418417246,-0.5130775828799559,2.008381297141194,-0.5130775828799559,2.008381297141194,0.12260276910478153,2.008381321297433,2.548036146745445,2.008384366098098,0.44410111033532385,2.008391697183241,-0.36031951493198516,2.0083923268505397,-0.5130775828799559,2.0083968583968583,-0.5130775828799559,2.0083968826428813,0.44410111033532385,2.0084073457304097,-0.11264901470059371
2.008374755928279,-0.40886681132823494,2.0083711638163066,-0.5130775828799559,2.0083711638163066,-0.4630240118575356,2.0083397621389714,1.6892795421065359,2.0083363672588317,-0.5130775828799559,2.0083345991911883,0.48159950638372806,2.0083341931194187,-0.4132706871808933,2.008332330473751,-0.32200582129198224,2.0083279636868707,-0.5108957101789102,2.008325198038368,-0.49492516732635766,2.0083161034422607,0.34763935735465334,2.0083160796604935,0.5717031919918828,2.008315604053714,0.1651483044738388,2.0083118961870463,-0.26236313729379973,2.0083030202664505,2.54824887442229,2.0083747800468275,0.4447508682541586,2.0083747800468275,-0.5014661304473893,2.0083747800468275,0.9541130251924549,2.0083747800468275,-0.3879436553239052,2.0083750212399525,-0.5065765875353856,2.0083751418417246,-0.5130775828799559,2.008381297141194,-0.5130775828799559,2.008381297141194,0.12260276910478153,2.008381321297433,2.548036146745445,2.008384366098098,0.44410111033532385,2.008391697183241,-0.36031951493198516,2.0083923268505397,-0.5130775828799559,2.0083968583968583,-0.5130775828799559,2.0083968826428813,0.44410111033532385,2.0084073457304097,-0.11264901470059371
2.008374755928279,-0.40886681132823494,2.0083711638163066,-0.5130775828799559,2.0083711638163066,-0.4630240118575356,2.0083397621389714,1.6892795421065359,2.0083363672588317,-0.5130775828799559,2.0083345991911883,0.5860192015408966,2.0083341931194187,-0.4132706871808933,2.008332330473751,-0.32200582129198224,2.0083279636868707,-0.5108957101789102,2.008325198038368,-0.49492516732635766,2.0083160796604935,0.5717031919918828,2.008315604053714,0.1651483044738388,2.0083030202664505,2.54824887442229,2.008298802552424,-0.5130775828799559,2.00829577223712,2.513600353520404,2.0083747800468275,0.4447508682541586,2.0083747800468275,-0.5014661304473893,2.0083747800468275,0.9541130251924549,2.0083747800468275,-0.3879436553239052,2.0083750212399525,-0.5065765875353856,2.0083751418417246,-0.5130775828799559,2.008381297141194,-0.5130775828799559,2.008381297141194,0.12260276910478153,2.008381321297433,2.548036146745445,2.008384366098098,0.44410111033532385,2.008391697183241,-0.36031951493198516,2.0083923268505397,-0.5130775828799559,2.0083968583968583,-0.5130775828799559,2.0083968826428813,0.44410111033532385,2.0084073457304097,-0.11264901470059371
2.008374755928279,-0.40886681132823494,2.0083711638163066,-0.5130775828799559,2.0083711638163066,-0.4630240118575356,2.0083397621389714,1.6892795421065359,2.0083363672588317,-0.5130775828799559,2.0083345991911883,0.5860192015408966,2.0083341931194187,-0.4132706871808933,2.008332330473751,-0.32200582129198224,2.0083279636868707,-0.5108957101789102,2.008325198038368,-0.49492516732635766,2.0083161034422607,0.47432525844721796,2.0083160796604935,0.5717031919918828,2.008315604053714,0.1651483044738388,2.008313630866785,0.20581157530459787,2.0083118961870463,-0.26087949939512417,2.0083747800468275,0.4447508682541586,2.0083747800468275,-0.5014661304473893,2.0083747800468275,0.9541130251924549,2.0083747800468275,-0.3879436553239052,2.0083750212399525,-0.5065765875353856,2.0083751418417246,-0.5130775828799559,2.008380572518754,-0.5130775828799559,2.008380572518754,-0.5005641901243507,2.0083805966708166,2.5491748654862048,2.008381297141194,0.12260276910478153,2.008384366098098,0.44410111033532385,2.008391697183241,-0.36031951493198516,2.0083923268505397,-0.5130775828799559,2.0083968583968583,-0.5130775828799559,2.0083968826428813,0.44410111033532385
2.008374755928279,-0.40886681132823494,2.0083711638163066,-0.5130775828799559,2.0083711638163066,-0.4630240118575356,2.0083397621389714,1.6892795421065359,2.0083363672588317,-0.5130775828799559,2.0083345991911883,0.5285289587439984,2.0083341931194187,-0.4132706871808933,2.008332330473751,-0.32200582129198224,2.0083279636868707,-0.5108957101789102,2.008325198038368,-0.49492516732635766,2.008323887381353,-0.49535191155950203,2.0083160796604935,0.5717031919918828,2.008313630866785,0.20581157530459787,2.008312537696558,0.1651483044738388,2.0083118961870463,-0.26087949939512417,2.0083747800468275,0.4447508682541586,2.0083747800468275,-0.5014661304473893,2.0083747800468275,0.9541130251924549,2.0083747800468275,-0.4004570480795102,2.0083750212399525,-0.5065765875353856,2.0083751418417246,-0.5130775828799559,2.008380572518754,-0.5130775828799559,2.008380572518754,-0.5005641901243507,2.008380572518754,0.12260276910478153,2.0083805966708166,2.5491748654862048,2.008384366098098,0.44410111033532385,2.008391697183241,-0.36031951493198516,2.0083923268505397,-0.5130775828799559,2.0083968583968583,-0.5130775828799559,2.0083968826428813,0.44410111033532385
2.008374755928279,-0.40886681132823494,2.0083711638163066,-0.5130775828799559,2.0083711638163066,-0.4630240118575356,2.0083397621389714,1.6892795421065359,2.0083363672588317,-0.5130775828799559,2.0083279636868707,-0.5108957101789102,2.008312537696558,0.1651483044738388,2.0083030202664505,2.54824887442229,2.008298802552424,-0.5130775828799559,2.008280630216327,0.3878866955236089,2.008257797769145,-0.5130775828799559,2.0082491305507175,-0.414597181893344,2.0082449907711672,0.3570205853365667,2.0082449907711672,0.39366939709722193,2.0082449907711672,-0.2803424050318386,2.0083747800468275,0.4447508682541586,2.0083747800468275,-0.5014661304473893,2.0083747800468275,0.9541130251924549,2.0083747800468275,-0.4004570480795102,2.0083750212399525,-0.5065765875353856,2.0083751418417246,-0.5130775828799559,2.008380572518754,-0.5130775828799559,2.008380572518754,-0.5005641901243507,2.008380572518754,0.12260276910478153,2.0083805966708166,2.5491748654862048,2.008384366098098,0.44410111033532385,2.008391697183241,-0.36031951493198516,2.0083923268505397,-0.5130775828799559,2.0083968583968583,-0.5130775828799559,2.0083968826428813,0.44410111033532385
2.008374755928279,-0.40886681132823494,2.0083711638163066,-0.5130775828799559,2.0083711638163066,-0.4630240118575356,2.0083397621389714,1.6892795421065359,2.0083363672588317,-0.5130775828799559,2.0083279636868707,-0.5108957101789102,2.008316127224164,-0.1993109166581048,2.008312537696558,0.1651483044738388,2.0083030202664505,2.54824887442229,2.008298802552424,-0.5130775828799559,2.0082960089008073,-0.2994158313190348,2.0082960089008073,-0.34507871560476117,2.0082960089008073,-0.2863233437734859,2.008295914233712,2.90899693609774,2.008280630216327,0.3878866955236089,2.0083747800468275,0.4447508682541586,2.0083747800468275,-0.5014661304473893,2.0083747800468275,0.9541130251924549,2.0083747800468275,-0.4004570480795102,2.0083750212399525,-0.5065765875353856,2.0083751418417246,-0.5130775828799559,2.008380572518754,-0.5130775828799559,2.008380572518754,-0.5005641901243507,2.008380572518754,0.12260276910478153,2.0083805966708166,2.5491748654862048,2.008384366098098,0.44410111033532385,2.008391697183241,-0.36031951493198516,2.0083923268505397,-0.5130775828799559,2.0083968583968583,-0.5130775828799559,2.0083968826428813,0.44410111033532385
2.008374755928279,-0.40886681132823494,2.0083711638163066,-0.5130775828799559,2.0083711638163066,-0.4630240118575356,2.0083397621389714,1.6892795421065359,2.0083363672588317,-0.5130775828799559,2.0083279636868707,-0.5108957101789102,2.0083161747883778,-0.22019604446185026,2.008312537696558,0.1651483044738388,2.0083118961870463,-0.1976130745022388,2.0083030202664505,2.54824887442229,2.008298802552424,-0.5130775828799559,2.008280630216327,0.3878866955236089,2.008249153951112,-0.5130775828799559,2.0082491305507175,-0.414597181893344,2.0082449907711672,0.3570205853365667,2.0083747800468275,0.4447508682541586,2.0083747800468275,-0.5014661304473893,2.0083747800468275,0.9541130251924549,2.0083747800468275,-0.3879436553239052,2.0083750212399525,-0.5065765875353856,2.0083751418417246,-0.5130775828799559,2.008380572518754,-0.5130775828799559,2.008380572518754,-0.5005641901243507,2.008380572518754,0.12260276910478153,2.0083805966708166,2.5491748654862048,2.008384366098098,0.44410111033532385,2.008391697183241,-0.36031951493198516,2.0083923268505397,-0.5130775828799559,2.0083968583968583,-0.5130775828799559,2.0083968826428813,0.44410111033532385
2.008374755928279,-0.40886681132823494,2.0083711638163066,-0.5130775828799559,2.0083711638163066,-0.4630240118575356,2.008369959100028,-0.5130775828799559,2.0083363672588317,-0.5130775828799559,2.0083345991911883,0.5857436190922398,2.008331494941797,2.1397616813083182,2.0083279636868707,-0.5108957101789102,2.0083161747883778,-0.22019604446185026,2.008312537696558,0.1651483044738388,2.0083118961870463,-0.1976130745022388,2.0083030202664505,2.54824887442229,2.008298802552424,-0.5130775828799559,2.008295511922659,2.8644646994144463,2.008280630216327,0.3878866955236089,2.0083747800468275,0.4447508682541586,2.0083747800468275,-0.5014661304473893,2.0083747800468275,0.9541130251924549,2.0083747800468275,-0.3879436553239052,2.0083750212399525,-0.5065765875353856,2.0083751418417246,-0.5130775828799559,2.008380572518754,-0.5130775828799559,2.008380572518754,-0.5005641901243507,2.008380572518754,0.12260276910478153,2.0083805966708166,2.5491748654862048,2.008381756133555,0.9009357985034165,2.008384366098098,0.44410111033532385,2.008391697183241,-0.36031951493198516,2.008391987787176,-0.5130775828799559,2.0083935380148183,-0.5130775828799559
2.008374755928279,-0.40886681132823494,2.0083711638163066,-0.5130775828799559,2.0083711638163066,-0.4630240118575356,2.008369959100028,-0.5130775828799559,2.0083363672588317,-0.5130775828799559,2.0083345991911883,0.5857436190922398,2.008331494941797,2.1397616813083182,2.0083161747883778,-0.22019604446185026,2.0083161034422607,0.014892339460922256,2.008312537696558,0.1651483044738388,2.0083118961870463,-0.1976130745022388,2.0083030202664505,2.54824887442229,2.008298802552424,-0.5130775828799559,2.0082956302453887,2.597157495034358,2.008280630216327,0.3878866955236089,2.0083747800468275,0.4447508682541586,2.0083747800468275,-0.5014661304473893,2.0083747800468275,0.9541130251924549,2.0083747800468275,-0.3879436553239052,2.0083750212399525,-0.5065765875353856,2.0083751418417246,-0.5130775828799559,2.008380572518754,-0.5130775828799559,2.008380572518754,-0.5005641901243507,2.008380572518754,0.12260276910478153,2.008381756133555,0.9009357985034165,2.008382384309837,2.5496003208398954,2.008384366098098,0.44410111033532385,2.008391697183241,-0.36031951493198516,2.008391987787176,-0.5130775828799559,2.0083935380148183,-0.5130775828799559
2.008374755928279,-0.40886681132823494,2.0083711638163066,-0.5130775828799559,2.0083711638163066,-0.4630240118575356,2.008369959100028,-0.5130775828799559,2.0083363672588317,-0.5130775828799559,2.0083345991911883,0.5857436190922398,2.008331494941797,2.1397616813083182,2.008316198570689,-0.19340917517920778,2.0083161747883778,-0.22019604446185026,2.0083161747883778,-0.2968859736788486,2.008312537696558,0.1651483044738388,2.0083030202664505,2.54824887442229,2.008298802552424,-0.5130775828799559,2.0082956302453887,2.597157495034358,2.008280630216327,0.3878866955236089,2.0083747800468275,0.4447508682541586,2.0083747800468275,-0.5014661304473893,2.0083747800468275,0.9541130251924549,2.0083747800468275,-0.3879436553239052,2.0083750212399525,-0.5065765875353856,2.0083751418417246,-0.5130775828799559,2.008380572518754,-0.5130775828799559,2.008380572518754,-0.5005641901243507,2.008380572518754,0.12260276910478153,2.008381756133555,0.9009357985034165,2.008382384309837,2.5496003208398954,2.008384366098098,0.44410111033532385,2.008391697183241,-0.36031951493198516,2.008391987787176,-0.5130775828799559,2.0083935380148183,-0.5130775828799559
2.008374755928279,-0.40886681132823494,2.0083711638163066,-0.5130775828799559,2.0083711638163066,-0.4630240118575356,2.008369959100028,-0.5130775828799559,2.0083363672588317,-0.5130775828799559,2.0083345991911883,0.5857436190922398,2.008331494941797,2.1397616813083182,2.0083280352366386,-0.5109083862457717,2.008316222353136,-0.17173881946665528,2.008316198570689,-0.2488005215824227,2.008312537696558,0.1651483044738388,2.0083030202664505,2.54824887442229,2.008298802552424,-0.5130775828799559,2.0082956539103396,-0.32085659130130745,2.0082956539103396,-0.3396399196042505,2.0083747800468275,0.4447508682541586,2.0083747800468275,-0.5014661304473893,2.0083747800468275,0.9541130251924549,2.0083747800468275,-0.3879436553239052,2.0083750212399525,-0.5065765875353856,2.0083751418417246,-0.5130775828799559,2.008380572518754,-0.5130775828799559,2.008380572518754,-0.5005641901243507,2.008380572518754,0.12260276910478153,2.008381321297433,2.548061173530956,2.008381756133555,0.9009357985034165,2.008384366098098,0.44410111033532385,2.008391697183241,-0.36031951493198516,2.008391987787176,-0.5130775828799559,2.0083935380148183,-0.5130775828799559
2.008374755928279,-0.40886681132823494,2.0083711638163066,-0.5130775828799559,2.0083711638163066,-0.4630240118575356,2.008369959100028,-0.5130775828799559,2.0083363672588317,-0.5130775828799559,2.0083345991911883,0.5857436190922398,2.008331494941797,2.1397616813083182,2.0083280352366386,-0.5109083862457717,2.008318839253021,0.1389358499722496,2.008316222353136,-0.17173881946665528,2.008312537696558,0.1651483044738388,2.0083030202664505,2.54824887442229,2.008298802552424,-0.5130775828799559,2.0082957249060027,2.5005233325283007,2.0082957249060027,-0.3563013769244111,2.0083747800468275,0.4447508682541586,2.0083747800468275,-0.5014661304473893,2.0083747800468275,0.9541130251924549,2.0083747800468275,-0.3879436553239052,2.0083750212399525,-0.5065765875353856,2.0083751418417246,-0.5130775828799559,2.008380572518754,-0.5130775828799559,2.008380572518754,-0.5005641901243507,2.008380572518754,0.12260276910478153,2.008381321297433,2.548061173530956,2.008381756133555,0.9009357985034165,2.008384366098098,0.44410111033532385,2.008391697183241,-0.36031951493198516,2.008391987787176,-0.5130775828799559,2.0083935380148183,-0.5130775828799559
2.008374755928279,-0.40886681132823494,2.0083711638163066,-0.5130775828799559,2.0083711638163066,-0.4630240118575356,2.008369959100028,-0.5130775828799559,2.0083363672588317,-0.5130775828799559,2.0083345991911883,0.5857436190922398,2.008331494941797,2.1397616813083182,2.0083280352366386,-0.5109083862457717,2.0083251742045567,-0.49298994610991786,2.0083241018242606,-0.49735386669950754,2.008323887381353,-0.49447763834784625,2.008318839253021,0.1389358499722496,2.0083162461357196,-0.1943046711049771,2.008316222353136,-0.17173881946665528,2.008312537696558,0.1651483044738388,2.0083747800468275,0.4447508682541586,2.0083747800468275,-0.5014661304473893,2.0083747800468275,0.9541130251924549,2.0083747800468275,-0.3879436553239052,2.0083750212399525,-0.5065765875353856,2.0083751418417246,-0.5130775828799559,2.008380572518754,-0.5130775828799559,2.008380572518754,-0.5005641901243507,2.008380572518754,0.12260276910478153,2.008381321297433,2.548061173530956,2.008381756133555,0.9009357985034165,2.008384366098098,0.44410111033532385,2.008391697183241,-0.36031951493198516,2.008391987787176,-0.5130775828799559,2.0083935380148183,-0.5130775828799559
2.008374755928279,-0.40886681132823494,2.0083711638163066,-0.5130775828799559,2.0083711638163066,-0.4630240118575356,2.008369959100028,-0.5130775828799559,2.0083363672588317,-0.5130775828799559,2.008331494941797,2.1397616813083182,2.0083280352366386,-0.5109083862457717,2.0083202673472424,-0.24378592959632703,2.008318839253021,0.1389358499722496,2.0083162461357196,-0.1943046711049771,2.0083139160889143,0.5598447627264989,2.008312537696558,0.1651483044738388,2.0083030202664505,2.54824887442229,2.008298802552424,-0.5130775828799559,2.008295511922659,2.5020252399803997,2.0083747800468275,0.4447508682541586,2.0083747800468275,-0.5014661304473893,2.0083747800468275,0.9541130251924549,2.0083747800468275,-0.3879436553239052,2.0083750212399525,-0.5065765875353856,2.0083751418417246,-0.5130775828799559,2.008380572518754,-0.5130775828799559,2.008380572518754,-0.5005641901243507,2.008380572518754,0.12260276910478153,2.008381756133555,0.9009357985034165,2.0083823601474697,2.5533167984883103,2.008384366098098,0.44410111033532385,2.008391697183241,-0.36031951493198516,2.008391987787176,-0.5130775828799559,2.0083935380148183,-0.5130775828799559
2.008374755928279,-0.40886681132823494,2.0083711638163066,-0.5130775828799559,2.0083711638163066,-0.4630240118575356,2.008369959100028,-0.5130775828799559,2.0083363672588317,-0.5130775828799559,2.008331494941797,2.1397616813083182,2.0083300868529,0.5846124834674896,2.0083280352366386,-0.5109083862457717,2.0083202673472424,-0.24378592959632703,2.008318839253021,0.1389358499722496,2.008316293701294,-0.17686803413039232,2.0083139160889143,0.5598447627264989,2.008312537696558,0.1651483044738388,2.0083030202664505,2.54824887442229,2.008298802552424,-0.5130775828799559,2.0083747800468275,0.4447508682541586,2.0083747800468275,-0.5014661304473893,2.0083747800468275,0.9541130251924549,2.0083747800468275,-0.3879436553239052,2.0083750212399525,-0.5065765875353856,2.0083751418417246,-0.5130775828799559,2.008380572518754,-0.5130775828799559,2.008380572518754,-0.5005641901243507,2.008380572518754,0.12260276910478153,2.008381756133555,0.9009357985034165,2.0083823601474697,2.5533167984883103,2.008384366098098,0.44410111033532385,2.008391697183241,-0.36031951493198516,2.008391987787176,-0.5130775828799559,2.0083935380148183,-0.5130775828799559
2.008374755928279,-0.40886681132823494,2.0083711638163066,-0.5130775828799559,2.0083711638163066,-0.4630240118575356,2.008369959100028,-0.5130775828799559,2.0083363672588317,-0.5130775828799559,2.0083345991911883,0.4208951986575528,2.0083280352366386,-0.5109083862457717,2.0083202673472424,-0.24378592959632703,2.008318839253021,0.1389358499722496,2.008316293701294,-0.17686803413039232,2.0083139160889143,0.5598447627264989,2.008312537696558,0.1651483044738388,2.0083030202664505,2.54824887442229,2.008298802552424,-0.5130775828799559,2.008295511922659,2.7410618245586353,2.0083747800468275,0.4447508682541586,2.0083747800468275,-0.5014661304473893,2.0083747800468275,0.9541130251924549,2.0083747800468275,-0.3879436553239052,2.0083750212399525,-0.5065765875353856,2.0083751418417246,-0.5130775828799559,2.008380572518754,-0.5130775828799559,2.008380572518754,-0.5005641901243507,2.008380572518754,0.12260276910478153,2.0083816836577344,2.5499506958370524,2.008384366098098,0.44410111033532385,2.008391697183241,-0.36031951493198516,2.008391987787176,-0.5130775828799559,2.0083935380148183,-0.5130775828799559,2.0083968583968583,-0.5130775828799559
2.008374755928279,-0.40886681132823494,2.0083711638163066,-0.5130775828799559,2.0083711638163066,-0.4630240118575356,2.008369959100028,-0.5130775828799559,2.0083400730760186,1.9896009682410571,2.0083363672588317,-0.5130775828799559,2.0083345991911883,0.4208951986575528,2.0083280352366386,-0.5109083862457717,2.00832536487887,-0.49221661843762143,2.0083202673472424,-0.24378592959632703,2.008318839253021,0.1389358499722496,2.008316293701294,-0.17686803413039232,2.0083139160889143,0.5598447627264989,2.008312537696558,0.1651483044738388,2.0083030202664505,2.54824887442229,2.0083747800468275,0.4447508682541586,2.0083747800468275,-0.5014661304473893,2.0083747800468275,0.9541130251924549,2.0083747800468275,-0.3879436553239052,2.0083750212399525,-0.5065765875353856,2.0083751418417246,-0.5130775828799559,2.008380572518754,-0.5130775828799559,2.008380572518754,-0.5005641901243507,2.008380572518754,0.12260276910478153,2.0083816836577344,2.5499506958370524,2.008384366098098,0.44410111033532385,2.008391697183241,-0.36031951493198516,2.008391987787176,-0.5130775828799559,2.0083935380148183,-0.5130775828799559,2.0083968583968583,-0.5130775828799559
2.008374755928279,-0.40886681132823494,2.0083711638163066,-0.5130775828799559,2.0083711638163066,-0.4630240118575356,2.008369959100028,-0.5130775828799559,2.0083400730760186,1.9896009682410571,2.0083363672588317,-0.5130775828799559,2.0083345991911883,0.4208951986575528,2.0083280352366386,-0.5109083862457717,2.008318839253021,0.1389358499722496,2.008316293701294,-0.17686803413039232,2.0083139160889143,0.5598447627264989,2.008312537696558,0.1651483044738388,2.0083030202664505,2.54824887442229,2.008298802552424,-0.5130775828799559,2.0082956539103396,2.773268419431229,2.0083747800468275,0.4447508682541586,2.0083747800468275,-0.5014661304473893,2.0083747800468275,0.9541130251924549,2.0083747800468275,-0.3879436553239052,2.0083750212399525,-0.5065765875353856,2.0083751418417246,-0.5130775828799559,2.008380572518754,-0.5130775828799559,2.008380572518754,-0.5005641901243507,2.008380572518754,0.12260276910478153,2.0083816836577344,2.5499506958370524,2.008384366098098,0.44410111033532385,2.008391697183241,-0.36031951493198516,2.008391987787176,-0.5130775828799559,2.0083935380148183,-0.5130775828799559,2.0083968583968583,-0.5130775828799559
2.008374755928279,-0.40886681132823494,2.0083711638163066,-0.5130775828799559,2.0083711638163066,-0.4630240118575356,2.008369959100028,-0.5130775828799559,2.0083400730760186,1.9896009682410571,2.0083363672588317,-0.5130775828799559,2.0083345991911883,0.4208951986575528,2.0083280352366386,-0.5109083862457717,2.0083202673472424,-0.1903429559853381,2.008318839253021,0.1389358499722496,2.0083163412674128,-0.1894130857696691,2.0083163174842853,-0.18943808752839475,2.0083139160889143,0.5598447627264989,2.008312537696558,0.1651483044738388,2.0083030202664505,2.54824887442229,2.0083747800468275,0.4447508682541586,2.0083747800468275,-0.5014661304473893,2.0083747800468275,0.9541130251924549,2.0083747800468275,-0.3879436553239052,2.0083750212399525,-0.5065765875353856,2.0083751418417246,-0.5130775828799559,2.008380572518754,-0.5130775828799559,2.008380572518754,-0.5005641901243507,2.008380572518754,0.12260276910478153,2.0083816836577344,2.5499506958370524,2.008384366098098,0.44410111033532385,2.008391697183241,-0.36031951493198516,2.008391987787176,-0.5130775828799559,2.0083935380148183,-0.5130775828799559,2.0083968583968583,-0.5130775828799559
2.008374755928279,-0.40886681132823494,2.0083711638163066,-0.5130775828799559,2.0083711638163066,-0.4630240118575356,2.008369959100028,-0.5130775828799559,2.0083400730760186,1.9896009682410571,2.0083363672588317,-0.5130775828799559,2.0083345991911883,0.4208951986575528,2.0083280352366386,-0.5109083862457717,2.0083202673472424,-0.1903429559853381,2.008318839253021,0.1389358499722496,2.0083163412674128,-0.1894130857696691,2.0083139160889143,0.5598447627264989,2.008312537696558,0.1651483044738388,2.0083030202664505,2.54824887442229,2.008298802552424,-0.5130775828799559,2.0083747800468275,0.4447508682541586,2.0083747800468275,-0.5014661304473893,2.0083747800468275,0.9541130251924549,2.0083747800468275,-0.3879436553239052,2.0083750212399525,-0.5065765875353856,2.0083751418417246,-0.5130775828799559,2.008380572518754,-0.5130775828799559,2.008380572518754,-0.5005641901243507,2.008380572518754,0.12260276910478153,2.0083816836577344,2.5499506958370524,2.008384366098098,0.44410111033532385,2.008391697183241,-0.36031951493198516,2.008391987787176,-0.5130775828799559,2.0083935380148183,-0.5130775828799559,2.0083968583968583,-0.5130775828799559
2.008374755928279,-0.40886681132823494,2.0083711638163066,-0.5130775828799559,2.0083711638163066,-0.4630240118575356,2.008369959100028,-0.5130775828799559,2.0083363672588317,-0.5130775828799559,2.0083345991911883,0.4208951986575528,2.0083280352366386,-0.5109083862457717,2.008318839253021,0.1389358499722496,2.0083163412674128,-0.1894130857696691,2.0083139160889143,0.5598447627264989,2.008312537696558,0.1651483044738388,2.0083030202664505,2.54824887442229,2.008298802552424,-0.5130775828799559,2.008295606580573,-0.3480810664420062,2.008295511922659,-0.27965186596601327,2.0083747800468275,0.4447508682541586,2.0083747800468275,-0.5014661304473893,2.0083747800468275,0.9541130251924549,2.0083747800468275,-0.3879436553239052,2.0083750212399525,-0.5065765875353856,2.0083751418417246,-0.5130775828799559,2.008380572518754,-0.5130775828799559,2.008380572518754,-0.5005641901243507,2.008380572518754,0.12260276910478153,2.0083816836577344,2.5499506958370524,2.008384366098098,0.44410111033532385,2.008391697183241,-0.36031951493198516,2.008391987787176,-0.5130775828799559,2.0083935380148183,-0.5130775828799559,2.0083968583968583,-0.5130775828799559
2.008374755928279,-0.40886681132823494,2.0083711638163066,-0.5130775828799559,2.0083711638163066,-0.4630240118575356,2.008369959100028,-0.5130775828799559,2.0083363672588317,-0.5130775828799559,2.0083345991911883,0.4208951986575528,2.008331590422682,1.6767661493509307,2.0083280352366386,-0.5109083862457717,2.0083253887137733,-0.49588152839449035,2.008320291152967,-0.2122949756554264,2.008318839253021,0.1389358499722496,2.0083163412674128,-0.1894130857696691,2.008312537696558,0.1651483044738388,2.008311658616057,0.5586029711696108,2.0083030202664505,2.54824887442229,2.0083747800468275,0.4447508682541586,2.0083747800468275,-0.5014661304473893,2.0083747800468275,0.9541130251924549,2.0083747800468275,-0.3879436553239052,2.0083750212399525,-0.5065765875353856,2.0083751418417246,-0.5130775828799559,2.008380572518754,-0.5130775828799559,2.008380572518754,-0.5005641901243507,2.008380572518754,0.12260276910478153,2.0083816836577344,2.5499506958370524,2.008381828610628,0.9509893695258369,2.008384366098098,0.44410111033532385,2.008391697183241,-0.36031951493198516,2.008391987787176,-0.5130775828799559,2.0083935380148183,-0.5130775828799559
2.008374755928279,-0.40886681132823494,2.0083711638163066,-0.5130775828799559,2.0083711638163066,-0.4630240118575356,2.008369959100028,-0.5130775828799559,2.0083363672588317,-0.5130775828799559,2.0083345991911883,0.4208951986575528,2.008331590422682,1.6767661493509307,2.0083280352366386,-0.5109083862457717,2.008320291152967,-0.2122949756554264,2.008318863050574,0.06923423766729563,2.008318839253021,0.1389358499722496,2.0083163412674128,-0.1894130857696691,2.008312537696558,0.1651483044738388,2.008311658616057,0.5586029711696108,2.0083030202664505,2.54824887442229,2.0083747800468275,0.4447508682541586,2.0083747800468275,-0.5014661304473893,2.0083747800468275,0.9541130251924549,2.0083747800468275,-0.3879436553239052,2.0083750212399525,-0.5065765875353856,2.0083751418417246,-0.5130775828799559,2.008380572518754,-0.5130775828799559,2.008380572518754,-0.5005641901243507,2.008380572518754,0.12260276910478153,2.008381828610628,0.9509893695258369,2.008382384309837,2.5521029993910163,2.008384366098098,0.44410111033532385,2.008391697183241,-0.36031951493198516,2.008391987787176,-0.5130775828799559,2.0083935380148183,-0.5130775828799559
2.008374755928279,-0.40886681132823494,2.0083711638163066,-0.5130775828799559,2.0083711638163066,-0.4630240118575356,2.008369959100028,-0.5130775828799559,2.008342968294999,-0.3588224751896683,2.0083363672588317,-0.5130775828799559,2.008331590422682,1.6767661493509307,2.0083280352366386,-0.5109083862457717,2.008320291152967,-0.2122949756554264,2.008318839253021,0.1389358499722496,2.008312537696558,0.1651483044738388,2.008311658616057,0.5586029711696108,2.0083030202664505,2.54824887442229,2.008300010560536,-0.32741944034626863,2.008298802552424,-0.5130775828799559,2.0083747800468275,0.4447508682541586,2.0083747800468275,-0.5014661304473893,2.0083747800468275,0.9541130251924549,2.0083747800468275,-0.3879436553239052,2.0083750212399525,-0.5065765875353856,2.0083751418417246,-0.5130775828799559,2.008380572518754,-0.5130775828799559,2.008380572518754,-0.5005641901243507,2.008380572518754,0.12260276910478153,2.008381828610628,0.9509893695258369,2.008382384309837,2.5521029993910163,2.008384366098098,0.44410111033532385,2.008391697183241,-0.36031951493198516,2.008391987787176,-0.5130775828799559,2.0083935380148183,-0.5130775828799559
2.008374755928279,-0.40886681132823494,2.0083711638163066,-0.5130775828799559,2.0083711638163066,-0.4630240118575356,2.008369959100028,-0.5130775828799559,2.008342968294999,-0.3588224751896683,2.0083363672588317,-0.5130775828799559,2.008331590422682,1.6767661493509307,2.0083280352366386,-0.5109083862457717,2.008320291152967,-0.2122949756554264,2.008318863050574,0.09768167170878522,2.008318839253021,0.1389358499722496,2.0083139398583083,-0.19228065485354354,2.008312537696558,0.1651483044738388,2.008311658616057,0.5586029711696108,2.0083030202664505,2.54824887442229,2.0083747800468275,0.4447508682541586,2.0083747800468275,-0.5014661304473893,2.0083747800468275,0.9541130251924549,2.0083747800468275,-0.3879436553239052,2.0083750212399525,-0.5065765875353856,2.0083751418417246,-0.5130775828799559,2.008380572518754,-0.5130775828799559,2.008380572518754,-0.5005641901243507,2.008380572518754,0.12260276910478153,2.008381297141194,2.5496503744109176,2.008381828610628,0.9509893695258369,2.008384366098098,0.44410111033532385,2.008391697183241,-0.36031951493198516,2.008391987787176,-0.5130775828799559,2.0083935380148183,-0.5130775828799559
2.008374755928279,-0.40886681132823494,2.0083711638163066,-0.5130775828799559,2.0083711638163066,-0.4630240118575356,2.008369959100028,-0.5130775828799559,2.008342968294999,-0.3588224751896683,2.0083363672588317,-0.5130775828799559,2.008331590422682,1.6767661493509307,2.0083280352366386,-0.5109083862457717,2.008320291152967,-0.2122949756554264,2.008318839253021,0.1389358499722496,2.0083139873975044,-0.19729055431735584,2.008312537696558,0.1651483044738388,2.008311658616057,0.5586029711696108,2.0083030202664505,2.54824887442229,2.008298802552424,-0.5130775828799559,2.0083747800468275,0.4447508682541586,2.0083747800468275,-0.5014661304473893,2.0083747800468275,0.9541130251924549,2.0083747800468275,-0.3879436553239052,2.0083750212399525,-0.5065765875353856,2.0083751418417246,-0.5130775828799559,2.008380572518754,-0.5130775828799559,2.008380572518754,-0.5005641901243507,2.008380572518754,0.12260276910478153,2.008381828610628,0.9509893695258369,2.0083823601474697,2.548724383347003,2.008384366098098,0.44410111033532385,2.008391697183241,-0.36031951493198516,2.008391987787176,-0.5130775828799559,2.0083935380148183,-0.5130775828799559
2.008374755928279,-0.40886681132823494,2.0083711638163066,-0.5130775828799559,2.0083711638163066,-0.4630240118575356,2.008369959100028,-0.5130775828799559,2.008342968294999,-0.3588224751896683,2.0083363672588317,-0.5130775828799559,2.008331590422682,1.6767661493509307,2.0083280352366386,-0.5109083862457717,2.008320291152967,-0.2122949756554264,2.008318839253021,0.1389358499722496,2.0083139873975044,-0.19729055431735584,2.008312537696558,0.1651483044738388,2.008311658616057,0.5586029711696108,2.0083030202664505,2.54824887442229,2.008298802552424,-0.5130775828799559,2.0083747800468275,0.4447508682541586,2.0083747800468275,-0.5014661304473893,2.0083747800468275,0.9541130251924549,2.0083747800468275,-0.3879436553239052,2.0083750212399525,-0.5065765875353856,2.0083751418417246,-0.5130775828799559,2.008380572518754,-0.5130775828799559,2.008380572518754,-0.5005641901243507,2.008380572518754,0.12260276910478153,2.008381828610628,0.9509893695258369,2.0083823601474697,2.548724383347003,2.008384366098098,0.44410111033532385,2.008391697183241,-0.36031951493198516,2.008391987787176,-0.5130775828799559,2.0083935380148183,-0.5130775828799559
2.008374755928279,-0.40886681132823494,2.0083711638163066,-0.5130775828799559,2.0083711638163066,-0.4630240118575356,2.008369959100028,-0.5130775828799559,2.008342968294999,-0.3588224751896683,2.0083363672588317,-0.5130775828799559,2.008331590422682,1.6767661493509307,2.0083280352366386,-0.5109083862457717,2.008324626064553,-0.49355647745353515,2.008320291152967,-0.2122949756554264,2.008320291152967,-0.23116066710948685,2.008318839253021,0.1389358499722496,2.0083139398583083,-0.4548848382137581,2.008312537696558,0.1651483044738388,2.008311658616057,0.5586029711696108,2.0083747800468275,0.4447508682541586,2.0083747800468275,-0.5014661304473893,2.0083747800468275,0.9541130251924549,2.0083747800468275,-0.3879436553239052,2.0083750212399525,-0.5065765875353856,2.0083751418417246,-0.5130775828799559,2.008380572518754,-0.5130775828799559,2.008380572518754,-0.5005641901243507,2.008380572518754,0.12260276910478153,2.008381828610628,0.9509893695258369,2.0083823601474697,2.548724383347003,2.008384366098098,0.44410111033532385,2.008391697183241,-0.36031951493198516,2.008391987787176,-0.5130775828799559,2.0083935380148183,-0.5130775828799559
2.008374755928279,-0.40886681132823494,2.0083711638163066,-0.5130775828799559,2.0083711638163066,-0.4630240118575356,2.008369959100028,-0.5130775828799559,2.008342968294999,-0.3588224751896683,2.0083363672588317,-0.5130775828799559,2.008331590422682,1.6767661493509307,2.0083280352366386,-0.5109083862457717,2.008320291152967,-0.23116066710948685,2.008318839253021,0.1389358499722496,2.0083139398583083,-0.4548848382137581,2.008312537696558,0.1651483044738388,2.008311658616057,0.5586029711696108,2.0083030202664505,2.54824887442229,2.008298802552424,-0.5130775828799559,2.0083747800468275,0.4447508682541586,2.0083747800468275,-0.5014661304473893,2.0083747800468275,0.9541130251924549,2.0083747800468275,-0.3879436553239052,2.0083750212399525,-0.5065765875353856,2.0083751418417246,-0.5130775828799559,2.008380572518754,-0.5130775828799559,2.008380572518754,-0.5005641901243507,2.008380572518754,0.12260276910478153,2.008381828610628,0.9509893695258369,2.0083823601474697,2.548724383347003,2.008384366098098,0.44410111033532385,2.008391697183241,-0.36031951493198516,2.008391987787176,-0.5130775828799559,2.0083935380148183,-0.5130775828799559
2.008374755928279,-0.40886681132823494,2.0083711638163066,-0.5130775828799559,2.0083711638163066,-0.4630240118575356,2.008369959100028,-0.5130775828799559,2.008342968294999,-0.3588224751896683,2.0083363672588317,-0.5130775828799559,2.008331590422682,1.6767661493509307,2.0083280352366386,-0.5109083862457717,2.0083204101836327,-0.2628069122544845,2.0083203625709576,-0.21163036433939073,2.008320291152967,-0.21112985365595208,2.008318839253021,0.1389358499722496,2.008312537696558,0.1651483044738388,2.008311658616057,0.5586029711696108,2.0083030202664505,2.54824887442229,2.0083747800468275,0.4447508682541586,2.0083747800468275,-0.5014661304473893,2.0083747800468275,0.9541130251924549,2.0083747800468275,-0.3879436553239052,2.0083750212399525,-0.5065765875353856,2.0083751418417246,-0.5130775828799559,2.008380572518754,-0.5130775828799559,2.008380572518754,-0.5005641901243507,2.008380572518754,0.12260276910478153,2.0083813454538118,2.5530415038476866,2.008381828610628,0.9509893695258369,2.008384366098098,0.44410111033532385,2.008391697183241,-0.36031951493198516,2.008391987787176,-0.5130775828799559,2.0083935380148183,-0.5130775828799559
2.008374755928279,-0.40886681132823494,2.0083711638163066,-0.5130775828799559,2.0083711638163066,-0.4630240118575356,2.008369959100028,-0.5130775828799559,2.008342968294999,-0.3588224751896683,2.0083363672588317,-0.5130775828799559,2.008331590422682,1.6767661493509307,2.0083280352366386,-0.5109083862457717,2.0083246022340164,-0.4923692067488833,2.008324363936153,0.13718506365163458,2.008320291152967,-0.16203507129985903,2.008318839253021,0.1389358499722496,2.008313654634548,-0.438743512576877,2.008313654634548,-0.32721161791938347,2.008312537696558,0.1651483044738388,2.0083747800468275,0.4447508682541586,2.0083747800468275,-0.5014661304473893,2.0083747800468275,0.9541130251924549,2.0083747800468275,-0.3879436553239052,2.0083750212399525,-0.5065765875353856,2.0083751418417246,-0.5130775828799559,2.008380572518754,-0.5130775828799559,2.008380572518754,-0.5005641901243507,2.008380572518754,0.12260276910478153,2.008381828610628,0.9509893695258369,2.0083823601474697,2.5483489815643345,2.008384366098098,0.44410111033532385,2.008391697183241,-0.36031951493198516,2.008391987787176,-0.5130775828799559,2.0083935380148183,-0.5130775828799559
2.008374755928279,-0.40886681132823494,2.0083711638163066,-0.5130775828799559,2.0083711638163066,-0.4630240118575356,2.008369959100028,-0.5130775828799559,2.008342968294999,-0.3588224751896683,2.0083363672588317,-0.5130775828799559,2.008331590422682,1.6767661493509307,2.008329705080318,0.2567085364853531,2.0083280352366386,-0.5109083862457717,2.008324912041636,-0.4971722222902672,2.008324363936153,0.13718506365163458,2.008320291152967,-0.16203507129985903,2.008318839253021,0.1389358499722496,2.008312537696558,0.1651483044738388,2.008311658616057,0.5586029711696108,2.0083747800468275,0.4447508682541586,2.0083747800468275,-0.5014661304473893,2.0083747800468275,0.9541130251924549,2.0083750212399525,-0.5065765875353856,2.0083751418417246,-0.5130775828799559,2.008380572518754,-0.5130775828799559,2.008380572518754,-0.5005641901243507,2.008380572518754,0.12260276910478153,2.008381828610628,0.9509893695258369,2.0083823601474697,2.5483489815643345,2.008384366098098,0.44410111033532385,2.008391697183241,-0.36031951493198516,2.008391987787176,-0.5130775828799559,2.0083935380148183,-0.5130775828799559,2.0083968583968583,-0.5130775828799559
2.008374755928279,-0.40886681132823494,2.0083711638163066,-0.5130775828799559,2.0083711638163066,-0.4630240118575356,2.008369959100028,-0.5130775828799559,2.008342968294999,-0.3588224751896683,2.0083363672588317,-0.5130775828799559,2.008335005302531,0.21408391647408048,2.008331590422682,1.6767661493509307,2.008329705080318,0.2567085364853531,2.0083280352366386,-0.5109083862457717,2.008324626064553,-0.4958264944931512,2.008324363936153,0.13718506365163458,2.008320291152967,-0.16203507129985903,2.008318839253021,0.1389358499722496,2.008312537696558,0.1651483044738388,2.0083747800468275,0.4447508682541586,2.0083747800468275,-0.5014661304473893,2.0083747800468275,0.9541130251924549,2.0083747800468275,-0.3879436553239052,2.0083750212399525,-0.5065765875353856,2.0083751418417246,-0.5130775828799559,2.008380572518754,-0.5130775828799559,2.008380572518754,-0.5005641901243507,2.008380572518754,0.12260276910478153,2.008381828610628,0.9509893695258369,2.0083823601474697,2.5483489815643345,2.008384366098098,0.44410111033532385,2.008391697183241,-0.36031951493198516,2.008391987787176,-0.5130775828799559,2.0083935380148183,-0.5130775828799559
2.008374755928279,-0.40886681132823494,2.0083711638163066,-0.5130775828799559,2.0083711638163066,-0.4630240118575356,2.008369959100028,-0.5130775828799559,2.008342968294999,-0.3588224751896683,2.0083363672588317,-0.5130775828799559,2.008335005302531,0.21408391647408048,2.008331590422682,1.6767661493509307,2.008329705080318,0.2567085364853531,2.0083280352366386,-0.5109083862457717,2.008324363936153,0.13718506365163458,2.0083229106145732,-0.4926490812912552,2.008320291152967,-0.16203507129985903,2.008318839253021,0.1389358499722496,2.008312537696558,0.1651483044738388,2.0083747800468275,0.4447508682541586,2.0083747800468275,-0.5014661304473893,2.0083747800468275,0.9541130251924549,2.0083747800468275,-0.3879436553239052,2.0083750212399525,-0.5065765875353856,2.0083751418417246,-0.5130775828799559,2.008380572518754,-0.5130775828799559,2.008380572518754,-0.5005641901243507,2.008380572518754,0.12260276910478153,2.008381297141194,2.548974651202115,2.008381828610628,0.9509893695258369,2.008384366098098,0.44410111033532385,2.008391697183241,-0.36031951493198516,2.008391987787176,-0.5130775828799559,2.0083935380148183,-0.5130775828799559
2.008374755928279,-0.40886681132823494,2.0083711638163066,-0.5130775828799559,2.0083711638163066,-0.4630240118575356,2.008369959100028,-0.5130775828799559,2.008342968294999,-0.3588224751896683,2.0083363672588317,-0.5130775828799559,2.008335005302531,0.21408391647408048,2.008331590422682,1.6767661493509307,2.008329705080318,0.2567085364853531,2.0083280352366386,-0.5109083862457717,2.008324363936153,0.13718506365163458,2.008320291152967,-0.16203507129985903,2.008318839253021,0.1389358499722496,2.008313654634548,0.1614324274682763,2.008312537696558,0.1651483044738388,2.0083747800468275,0.4447508682541586,2.0083747800468275,-0.5014661304473893,2.0083747800468275,0.9541130251924549,2.0083747800468275,-0.3879436553239052,2.0083750212399525,-0.5065765875353856,2.0083751418417246,-0.5130775828799559,2.008380572518754,-0.5130775828799559,2.008380572518754,-0.5005641901243507,2.008380572518754,0.12260276910478153,2.008381297141194,2.548974651202115,2.008381828610628,0.9509893695258369,2.008384366098098,0.44410111033532385,2.008391697183241,-0.36031951493198516,2.008391987787176,-0.5130775828799559,2.0083935380148183,-0.5130775828799559
