2.0083258654405007,-0.010166668036633571,2.0083258654405007,-0.06259544367817348,2.0083258654405007,0.1000786621446924,2.0083258654405007,-0.2796124112386549,2.008324554573352,-0.22022379916698223,2.0083206244474137,0.22521258970074304,2.0083139636278386,0.7257482999249457,2.0083098535202573,-0.5037822343125242,2.008309782282561,2.536561365588555,2.0083068388593235,-0.4004570480795102,2.0083006502366314,1.0166818284392154,2.008300626543166,-0.5130775828799559,2.008300626543166,-0.15869830004122035,2.00829016725726,-0.17560261728798174,2.00829016725726,-0.3057584571648901,2.008332378223496,-0.4630240118575356,2.0083324020985733,-0.48805079736874574,2.0083324020985733,-0.5005641901243507,2.0083324020985733,-0.5130775828799559,2.0083324737246273,-0.5005641901243507,2.0083324737246273,-0.4630240118575356,2.008333094535347,-0.08762222918938363,2.008333142293849,-0.5130775828799559,2.008339738221697,-0.08762222918938363,2.0083397621389714,0.11384339417585798,2.0083397860563825,-0.360523971256219,2.008352169754691,-0.2753231205234596,2.0083531054134327,-0.08762222918938363,2.0083531534015835,0.4428248568947869,2.0083534173462674,-0.5043182079510323
2.0083258654405007,-0.010166668036633571,2.0083258654405007,-0.06259544367817348,2.0083258654405007,0.1000786621446924,2.0083258654405007,-0.2796124112386549,2.008324554573352,-0.22022379916698223,2.0083206244474137,0.22521258970074304,2.0083139636278386,0.7257482999249457,2.0083098535202573,-0.5037822343125242,2.008309782282561,2.536561365588555,2.0083068388593235,-0.4004570480795102,2.0083006502366314,1.0166818284392154,2.008300626543166,-0.5130775828799559,2.008300626543166,-0.15869830004122035,2.00829016725726,-0.17560261728798174,2.00829016725726,-0.3057584571648901,2.008332449849139,-0.4630240118575356,2.0083324737246273,-0.5005641901243507,2.0083324737246273,-0.48805079736874574,2.0083330467773917,-0.5130775828799559,2.008333094535347,-0.5130775828799559,2.008333190052899,-0.5130775828799559,2.0083396903875603,-0.4630240118575356,2.0083397143045603,-0.08762222918938363,2.008339738221697,-0.08762222918938363,2.008339738221697,-0.3605249222740684,2.0083397621389714,0.11384339417585798,2.008352169754691,-0.2753231205234596,2.0083531054134327,-0.08762222918938363,2.0083531534015835,0.4428248568947869,2.0083534173462674,-0.5043182079510323
2.0083258654405007,-0.06022023905905381,2.0083258654405007,-0.06259544367817348,2.0083258654405007,0.1000786621446924,2.0083258654405007,-0.2796124112386549,2.008324554573352,-0.22022379916698223,2.0083206244474137,0.22521258970074304,2.0083139636278386,0.7257482999249457,2.0083098535202573,-0.5037822343125242,2.008309782282561,2.536561365588555,2.0083068388593235,-0.4004570480795102,2.0083006502366314,1.0166818284392154,2.008300626543166,-0.5130775828799559,2.008300626543166,-0.15869830004122035,2.00829016725726,-0.17560261728798174,2.00829016725726,-0.3057584571648901,2.008332330473751,-0.48805079736874574,2.0083323543485547,-0.4630240118575356,2.008332378223496,-0.5005641901243507,2.008333094535347,-0.5130775828799559,2.0083331661733057,0.11384339417585798,2.008339738221697,-0.3605249222740684,2.0083521217778415,-0.08762222918938363,2.008352169754691,-0.2753231205234596,2.0083531534015835,0.4428248568947869,2.0083534173462674,-0.5043182079510323,2.008354521295698,-0.08762222918938363,2.008354569300118,2.536373664697221,2.008360117524623,0.11384339417585798,2.0083601415589305,-0.5130775828799559,2.008364349691946,-0.08762222918938363
2.0083258654405007,-0.06022023905905381,2.0083258654405007,-0.06259544367817348,2.0083258654405007,0.1000786621446924,2.0083258654405007,-0.2796124112386549,2.008324554573352,-0.22022379916698223,2.0083206244474137,0.22521258970074304,2.0083139636278386,0.7257482999249457,2.0083098535202573,-0.5037822343125242,2.008309782282561,2.536561365588555,2.0083068388593235,-0.4004570480795102,2.0083006502366314,1.0166818284392154,2.008300626543166,-0.5130775828799559,2.008300626543166,-0.15869830004122035,2.00829016725726,-0.17560261728798174,2.00829016725726,-0.3057584571648901,2.008332211101783,-0.48805079736874574,2.008332211101783,-0.4630240118575356,2.008332234975903,-0.08762222918938363,2.0083322588501598,-0.5130775828799559,2.008332378223496,-0.5005641901243507,2.00833302289862,0.11384339417585798,2.008339738221697,-0.3605249222740684,2.0083521217778415,-0.08762222918938363,2.008352169754691,-0.2753231205234596,2.0083531534015835,0.4428248568947869,2.0083534173462674,-0.5043182079510323,2.008354521295698,-0.08762222918938363,2.008354569300118,2.536373664697221,2.008360117524623,0.11384339417585798,2.0083601415589305,-0.5130775828799559
2.0083258654405007,-0.06022023905905381,2.0083258654405007,-0.06259544367817348,2.0083258654405007,0.1000786621446924,2.0083258654405007,-0.2796124112386549,2.008324554573352,-0.22022379916698223,2.0083206244474137,0.22521258970074304,2.0083139636278386,0.7257482999249457,2.008310470964792,2.540327896807992,2.0083098535202573,-0.5037822343125242,2.0083068388593235,-0.4004570480795102,2.0083006502366314,1.0166818284392154,2.008300626543166,-0.5130775828799559,2.008300626543166,-0.15869830004122035,2.008290190891053,-0.14642382549349808,2.00829016725726,-0.17560261728798174,2.0083321872277997,-0.4630240118575356,2.008332211101783,-0.48805079736874574,2.008332211101783,-0.5005641901243507,2.008332211101783,-0.5130775828799559,2.008332378223496,-0.5005641901243507,2.0083329751414856,-0.08762222918938363,2.00833302289862,0.11384339417585798,2.008339738221697,-0.3605249222740684,2.0083521217778415,-0.08762222918938363,2.008352169754691,-0.2753231205234596,2.0083531534015835,0.4428248568947869,2.0083534173462674,-0.5043182079510323,2.008354521295698,-0.08762222918938363,2.008354569300118,2.536373664697221,2.008360117524623,0.11384339417585798
2.0083258654405007,-0.06022023905905381,2.0083258654405007,-0.06259544367817348,2.0083258654405007,0.1000786621446924,2.0083258654405007,-0.2796124112386549,2.008324554573352,-0.22022379916698223,2.0083206244474137,0.22521258970074304,2.0083139636278386,0.7257482999249457,2.008310470964792,2.540327896807992,2.0083098535202573,-0.5037822343125242,2.0083068388593235,-0.4004570480795102,2.0083006502366314,1.0166818284392154,2.008300626543166,-0.5130775828799559,2.008300626543166,-0.15869830004122035,2.008290190891053,-0.14642382549349808,2.008290190891053,-0.29812894149465563,2.0083320678599366,-0.48805079736874574,2.0083320678599366,-0.5130775828799559,2.0083320678599366,-0.4630240118575356,2.0083320917332355,-0.5005641901243507,2.0083320917332355,-0.4630240118575356,2.008332807995828,-0.08762222918938363,2.008332855751046,0.11384339417585798,2.0083393316490254,-0.36053294335882474,2.0083512582887963,-0.5043182079510323,2.0083521217778415,-0.08762222918938363,2.008352169754691,-0.2753231205234596,2.0083531534015835,0.4428248568947869,2.008354521295698,-0.08762222918938363,2.008354569300118,2.536373664697221,2.008360117524623,0.11384339417585798
2.0083258654405007,-0.06022023905905381,2.0083258654405007,-0.06259544367817348,2.0083258654405007,0.1000786621446924,2.0083258654405007,-0.2796124112386549,2.008324554573352,-0.22022379916698223,2.0083206244474137,0.22521258970074304,2.0083139636278386,0.7257482999249457,2.008310470964792,2.540327896807992,2.0083098535202573,-0.5037822343125242,2.0083068388593235,-0.4004570480795102,2.0083006502366314,1.0166818284392154,2.008300626543166,-0.5130775828799559,2.008300626543166,-0.15869830004122035,2.008290190891053,-0.14642382549349808,2.008290190891053,-0.29812894149465563,2.0083320678599366,-0.48805079736874574,2.0083320678599366,-0.5130775828799559,2.0083320678599366,-0.4630240118575356,2.0083320917332355,-0.5005641901243507,2.0083320917332355,-0.4630240118575356,2.008332736364027,-0.08762222918938363,2.008332784118424,0.11384339417585798,2.0083393316490254,-0.36053294335882474,2.0083493880082344,-0.5043182079510323,2.0083521217778415,-0.08762222918938363,2.008352169754691,-0.2753231205234596,2.0083531534015835,0.4428248568947869,2.008354521295698,-0.08762222918938363,2.008354569300118,2.536373664697221,2.008360117524623,0.11384339417585798
2.0083258654405007,-0.06022023905905381,2.0083258654405007,-0.06259544367817348,2.0083258654405007,0.1000786621446924,2.0083258654405007,-0.2796124112386549,2.008324554573352,-0.22022379916698223,2.0083206244474137,0.22521258970074304,2.0083139636278386,0.7257482999249457,2.008310470964792,2.540327896807992,2.0083098535202573,-0.5037822343125242,2.0083068388593235,-0.4004570480795102,2.0083006502366314,1.0166818284392154,2.008300626543166,-0.5130775828799559,2.008300626543166,-0.15869830004122035,2.008290190891053,-0.14642382549349808,2.0082874738879024,1.2209467603308495,2.008339164248271,-0.48805079736874574,2.008339164248271,-0.4630240118575356,2.0083391881622528,-0.3829488344983634,2.0083391881622528,-0.4877562821568498,2.0083391881622528,-0.5130775828799559,2.008339212076372,-0.4630240118575356,2.008339259905022,-0.08762222918938363,2.00833930773422,0.11384339417585798,2.0083399056454967,-0.5130775828799559,2.008346368554741,-0.3603939571054882,2.0083493880082344,-0.5043182079510323,2.008352169754691,-0.2753231205234596,2.0083531054134327,-0.08762222918938363,2.0083531534015835,0.4428248568947869,2.008354569300118,2.536373664697221
2.0083258654405007,-0.06022023905905381,2.0083258654405007,-0.06259544367817348,2.0083258654405007,0.1000786621446924,2.0083258654405007,-0.2796124112386549,2.008324554573352,-0.22022379916698223,2.0083206244474137,0.22521258970074304,2.0083139636278386,0.7257482999249457,2.008310470964792,2.540327896807992,2.0083098535202573,-0.5037822343125242,2.0083068388593235,-0.4004570480795102,2.0083006502366314,1.0166818284392154,2.008300626543166,-0.5130775828799559,2.008300626543166,-0.15869830004122035,2.008290190891053,-0.14642382549349808,2.0082874738879024,1.2209467603308495,2.008339068593714,-0.3829488344983634,2.0083390925071476,-0.4630240118575356,2.0083391164207183,-0.48805079736874574,2.0083391164207183,-0.4877564948845266,2.0083391164207183,-0.5130775828799559,2.0083391164207183,-0.4630240118575356,2.0083391403344257,-0.08762222918938363,2.008339164248271,-0.5005641901243507,2.00833930773422,0.11384339417585798,2.0083398578094394,-0.5130775828799559,2.008346368554741,-0.3603939571054882,2.0083493880082344,-0.5043182079510323,2.0083521217778415,-0.08762222918938363,2.008352169754691,-0.2753231205234596,2.0083531534015835,0.4428248568947869
2.0083258654405007,-0.06022023905905381,2.0083258654405007,-0.06259544367817348,2.0083258654405007,0.1000786621446924,2.0083258654405007,-0.2796124112386549,2.008324554573352,-0.22022379916698223,2.0083206244474137,0.22521258970074304,2.0083139636278386,0.7257482999249457,2.008310470964792,2.540327896807992,2.0083098535202573,-0.5037822343125242,2.0083068388593235,-0.4004570480795102,2.0083006502366314,1.0166818284392154,2.008300626543166,-0.5130775828799559,2.008300626543166,-0.15869830004122035,2.008290190891053,-0.14642382549349808,2.0082874738879024,1.2209467603308495,2.0083389729413517,-0.48805079736874574,2.0083389729413517,-0.5130775828799559,2.0083389729413517,-0.4630240118575356,2.0083389968542367,-0.4630240118575356,2.0083389968542367,-0.48775670761220347,2.008339020767259,-0.08762222918938363,2.008339020767259,0.11384339417585798,2.008339164248271,-0.5005641901243507,2.0083397143045603,-0.5130775828799559,2.008346368554741,-0.3603939571054882,2.0083483333476875,-0.5043182079510323,2.0083521217778415,-0.08762222918938363,2.008352169754691,-0.2753231205234596,2.0083531534015835,0.4428248568947869,2.008354521295698,-0.08762222918938363
2.0083258654405007,-0.06022023905905381,2.0083258654405007,-0.06259544367817348,2.0083258654405007,0.1000786621446924,2.0083258654405007,-0.2796124112386549,2.008324554573352,-0.22022379916698223,2.0083206244474137,0.22521258970074304,2.0083139636278386,0.7257482999249457,2.008310470964792,2.540327896807992,2.0083098535202573,-0.5037822343125242,2.0083068625882676,1.031976460382074,2.0083068388593235,-0.4004570480795102,2.008300626543166,-0.5130775828799559,2.008300626543166,-0.15869830004122035,2.0082874738879024,1.2209467603308495,2.0082784614815257,-0.4004570480795102,2.008338877291184,-0.48805079736874574,2.008338877291184,-0.4630240118575356,2.0083389012035204,-0.08762222918938363,2.008339020767259,0.11384339417585798,2.008339164248271,-0.5005641901243507,2.0083396186373843,-0.5130775828799559,2.008346368554741,-0.3603939571054882,2.0083483333476875,-0.5043182079510323,2.0083521217778415,-0.08762222918938363,2.008352169754691,-0.2753231205234596,2.0083531534015835,0.4428248568947869,2.008354521295698,-0.08762222918938363,2.008354569300118,2.536373664697221,2.0083601415589305,-0.5130775828799559,2.008363748270735,-0.08762222918938363
2.008325960792398,-0.3178581196158166,2.008325913116176,-0.5130775828799559,2.0083258892782703,-0.5130775828799559,2.0083258654405007,-0.06022023905905381,2.0083258654405007,-0.06259544367817348,2.0083258654405007,0.1000786621446924,2.0083258654405007,-0.2796124112386549,2.008324554573352,-0.22022379916698223,2.0083206244474137,0.22521258970074304,2.0083139636278386,0.7257482999249457,2.008310470964792,2.540327896807992,2.0083068625882676,1.031976460382074,2.0083068388593235,-0.4004570480795102,2.008300626543166,-0.5130775828799559,2.008300626543166,-0.15869830004122035,2.008338494712454,-0.5005641901243507,2.008338590353845,-0.08762222918938363,2.008338614264536,-0.5130775828799559,2.008338614264536,-0.48805079736874574,2.008338614264536,-0.4630240118575356,2.008338638175364,0.11384339417585798,2.00833930773422,-0.5130775828799559,2.0083393555639675,-0.5130775828799559,2.0083460092414547,-0.36040105219918067,2.008346799771525,-0.5043182079510323,2.0083521217778415,-0.08762222918938363,2.008352169754691,-0.2753231205234596,2.0083531534015835,0.4428248568947869,2.008354521295698,-0.08762222918938363,2.008354569300118,2.536373664697221
2.008325913116176,-0.3178581196158166,2.008325913116176,-0.4630240118575356,2.0083258892782703,-0.5130775828799559,2.0083258654405007,-0.06022023905905381,2.0083258654405007,-0.06259544367817348,2.0083258654405007,0.1000786621446924,2.0083258654405007,-0.2796124112386549,2.008324554573352,-0.22022379916698223,2.0083206244474137,0.22521258970074304,2.0083139636278386,0.7257482999249457,2.008310470964792,2.540327896807992,2.0083068625882676,1.031976460382074,2.0083068388593235,-0.4004570480795102,2.008300626543166,-0.5130775828799559,2.008300626543166,-0.15869830004122035,2.00833842298285,-0.08762222918938363,2.008338446892581,-0.4877577962773732,2.008338446892581,-0.48805079736874574,2.008338446892581,-0.4630240118575356,2.0083384708024488,0.11384339417585798,2.008338494712454,-0.5005641901243507,2.0083385664432916,-0.5130775828799559,2.0083451230676075,-0.5043182079510323,2.0083460092414547,-0.36040105219918067,2.0083521217778415,-0.08762222918938363,2.008352169754691,-0.2753231205234596,2.0083531534015835,0.4428248568947869,2.008354521295698,-0.08762222918938363,2.008354569300118,2.536373664697221,2.0083601415589305,-0.5130775828799559
2.008325913116176,-0.3178581196158166,2.008325913116176,-0.4630240118575356,2.0083258654405007,-0.08524702457026397,2.0083258654405007,-0.06259544367817348,2.0083258654405007,0.1000786621446924,2.0083258654405007,-0.2796124112386549,2.008324554573352,-0.22022379916698223,2.0083206244474137,0.22521258970074304,2.0083139636278386,0.7257482999249457,2.008310470964792,2.540327896807992,2.0083068625882676,1.031976460382074,2.0083068388593235,-0.4004570480795102,2.008300626543166,-0.5130775828799559,2.008300626543166,-0.15869830004122035,2.0082874738879024,1.2209467603308495,2.0083383273452977,-0.48805079736874574,2.0083383273452977,-0.48775800900505006,2.0083383273452977,-0.4630240118575356,2.0083383273452977,-0.5130775828799559,2.0083383512544803,0.11384339417585798,2.008338494712454,-0.5005641901243507,2.008339068593714,-0.5130775828799559,2.0083451230676075,-0.5043182079510323,2.0083460092414547,-0.36040105219918067,2.0083521217778415,-0.08762222918938363,2.008352169754691,-0.2753231205234596,2.0083531534015835,0.4428248568947869,2.008354521295698,-0.08762222918938363,2.008354569300118,2.536373664697221,2.0083601415589305,-0.5130775828799559
2.0083259846307135,-0.5130775828799559,2.008325960792398,-0.3178581196158166,2.008325960792398,-0.4630240118575356,2.0083258654405007,-0.08524702457026397,2.0083258654405007,-0.06259544367817348,2.0083258654405007,0.1000786621446924,2.0083258654405007,-0.2796124112386549,2.008324554573352,-0.22022379916698223,2.0083206244474137,0.22521258970074304,2.0083139636278386,0.7257482999249457,2.008310470964792,2.540327896807992,2.0083087376033233,0.4069632876991723,2.0083068625882676,1.031976460382074,2.0083068388593235,-0.4004570480795102,2.008300626543166,-0.5130775828799559,2.008338207801443,0.11384339417585798,2.0083382317099394,-0.5130775828799559,2.0083382556185736,-0.4630240118575356,2.0083389968542367,-0.5130775828799559,2.0083420109754244,-0.5043182079510323,2.0083521217778415,-0.08762222918938363,2.0083521217778415,-0.36028032298587453,2.008352169754691,-0.2753231205234596,2.0083531534015835,0.4428248568947869,2.008354521295698,-0.08762222918938363,2.008354569300118,2.536373664697221,2.0083601415589305,-0.5130775828799559,2.0083642775168333,-0.08762222918938363,2.0083643256334365,0.11384339417585798,2.008364397809379,0.4428248568947869
2.008325960792398,-0.43047865441626215,2.0083258892782703,-0.4630240118575356,2.0083258654405007,-0.08524702457026397,2.0083258654405007,-0.06259544367817348,2.0083258654405007,0.1000786621446924,2.0083258654405007,-0.2796124112386549,2.008324554573352,-0.22022379916698223,2.0083206244474137,0.22521258970074304,2.0083139636278386,0.7257482999249457,2.008310470964792,2.540327896807992,2.0083068625882676,1.031976460382074,2.0083068388593235,-0.4004570480795102,2.008300626543166,-0.5130775828799559,2.008300626543166,-0.15869830004122035,2.0082892692729786,-0.30632068390139944,2.008338016538404,-0.4630240118575356,2.008338040445804,-0.48805079736874574,2.008338040445804,-0.5130775828799559,2.008338040445804,-0.4630240118575356,2.008338040445804,-0.48775875980861544,2.008338064353341,0.11384339417585798,2.008338207801443,-0.5005641901243507,2.0083387577315595,-0.5130775828799559,2.0083420109754244,-0.5043182079510323,2.008345362555495,-0.3604138283731842,2.0083521217778415,-0.08762222918938363,2.008352169754691,-0.2753231205234596,2.0083531534015835,0.4428248568947869,2.008354521295698,-0.08762222918938363,2.008354569300118,2.536373664697221
2.008325960792398,-0.43047865441626215,2.0083258892782703,-0.4630240118575356,2.0083258654405007,-0.08524702457026397,2.0083258654405007,-0.06259544367817348,2.0083258654405007,0.1000786621446924,2.0083258654405007,-0.2796124112386549,2.008324554573352,-0.22022379916698223,2.0083206244474137,0.22521258970074304,2.0083139636278386,0.7257482999249457,2.008310470964792,2.540327896807992,2.008309307395798,0.3617680414141158,2.0083068625882676,1.031976460382074,2.0083068388593235,-0.4004570480795102,2.008300626543166,-0.5130775828799559,2.008300626543166,-0.15869830004122035,2.008337944817027,-0.4630240118575356,2.0083379687240157,-0.48805079736874574,2.0083379687240157,-0.4630240118575356,2.0083379687240157,-0.48775875980861544,2.0083379687240157,-0.5130775828799559,2.0083379926311413,-0.08762222918938363,2.008338064353341,0.11384339417585798,2.008338207801443,-0.5005641901243507,2.00833870990867,-0.5130775828799559,2.008339738221697,-0.5043182079510323,2.008345362555495,-0.3604138283731842,2.0083521217778415,-0.08762222918938363,2.008352169754691,-0.2753231205234596,2.0083531534015835,0.4428248568947869,2.008354521295698,-0.08762222918938363
2.008325960792398,-0.44299204717186724,2.0083258892782703,-0.4630240118575356,2.0083258654405007,-0.08524702457026397,2.0083258654405007,-0.06259544367817348,2.0083258654405007,0.1000786621446924,2.0083258654405007,-0.2796124112386549,2.008324554573352,-0.22022379916698223,2.0083206244474137,0.22521258970074304,2.0083139636278386,0.7257482999249457,2.008310470964792,2.540327896807992,2.0083068625882676,1.031976460382074,2.0083068388593235,-0.4004570480795102,2.008300626543166,-0.5130775828799559,2.008300626543166,-0.15869830004122035,2.0082892692729786,-0.30632068390139944,2.0083378730968833,-0.5005641901243507,2.0083378730968833,-0.48805079736874574,2.0083378730968833,-0.5130775828799559,2.008337897003461,-0.4630240118575356,2.0083379209101753,-0.4630240118575356,2.008337944817027,0.11384339417585798,2.008338614264536,-0.5130775828799559,2.008339738221697,-0.5043182079510323,2.0083450991195746,-0.3604190339445705,2.008352169754691,-0.2753231205234596,2.0083531054134327,-0.08762222918938363,2.0083531534015835,0.4428248568947869,2.008354521295698,-0.08762222918938363,2.008354569300118,2.536373664697221,2.0083601415589305,-0.5130775828799559
2.008325960792398,-0.45550543992747233,2.0083258654405007,-0.08524702457026397,2.0083258654405007,-0.06259544367817348,2.0083258654405007,0.1000786621446924,2.0083258654405007,-0.2796124112386549,2.008324554573352,-0.22022379916698223,2.0083206244474137,0.22521258970074304,2.0083139636278386,0.7257482999249457,2.008310470964792,2.540327896807992,2.0083068625882676,1.031976460382074,2.0083068388593235,-0.4004570480795102,2.008300626543166,-0.5130775828799559,2.008300626543166,-0.15869830004122035,2.0082892692729786,-0.30632068390139944,2.0082874738879024,1.2209467603308495,2.0083377535660527,-0.5043182079510323,2.0083377774719446,-0.48805079736874574,2.0083377774719446,-0.4630240118575356,2.0083377774719446,-0.5130775828799559,2.008337801377974,-0.4877591977773619,2.0083378252841397,-0.08762222918938363,2.008337849190443,-0.35792204898715324,2.008337849190443,0.11384339417585798,2.0083378730968833,-0.5005641901243507,2.008338614264536,-0.5130775828799559,2.0083450991195746,-0.3604190339445705,2.0083521217778415,-0.08762222918938363,2.008352169754691,-0.2753231205234596,2.0083531534015835,0.4428248568947869,2.008354521295698,-0.08762222918938363
2.008325960792398,-0.45550543992747233,2.0083258654405007,-0.08524702457026397,2.0083258654405007,-0.06259544367817348,2.0083258654405007,0.1000786621446924,2.0083258654405007,-0.2796124112386549,2.008324554573352,-0.22022379916698223,2.0083206244474137,0.22521258970074304,2.0083139636278386,0.7257482999249457,2.008310470964792,2.540327896807992,2.0083068625882676,1.031976460382074,2.0083068388593235,-0.4004570480795102,2.008300626543166,-0.5130775828799559,2.008300626543166,-0.15869830004122035,2.0082892692729786,-0.30632068390139944,2.0082874738879024,1.2209467603308495,2.008337634038649,-0.5043182079510323,2.008337634038649,-0.48805079736874574,2.008337634038649,-0.4630240118575356,2.0083376579438554,-0.4004570480795102,2.0083376579438554,-0.4630240118575356,2.00833770575468,-0.5130775828799559,2.0083377296602976,-0.08762222918938363,2.008337849190443,0.11384339417585798,2.0083378730968833,-0.5005641901243507,2.0083383990732564,-0.5130775828799559,2.0083411974265055,0.4435267706346271,2.0083450991195746,-0.3604190339445705,2.0083521217778415,-0.08762222918938363,2.008352169754691,-0.2753231205234596,2.0083531534015835,0.4428248568947869
2.008325960792398,-0.45550543992747233,2.0083258654405007,-0.08524702457026397,2.0083258654405007,-0.06259544367817348,2.0083258654405007,0.1000786621446924,2.0083258654405007,-0.2796124112386549,2.008324554573352,-0.22022379916698223,2.0083206244474137,0.22521258970074304,2.0083139636278386,0.7257482999249457,2.008310470964792,2.540327896807992,2.0083068625882676,1.031976460382074,2.0083068388593235,-0.4004570480795102,2.008300626543166,-0.5130775828799559,2.008300626543166,-0.15869830004122035,2.0082892692729786,-0.30632068390139944,2.0082892692729786,-0.33184704159159156,2.0083375145146722,-0.5043182079510323,2.0083375384191937,-0.48805079736874574,2.008337586228647,-0.08762222918938363,2.0083376101335797,0.11384339417585798,2.0083411974265055,0.4435267706346271,2.008345051223922,-0.08762222918938363,2.0083450991195746,-0.3604190339445705,2.008352169754691,-0.2753231205234596,2.0083531054134327,-0.08762222918938363,2.0083531534015835,0.4428248568947869,2.008354569300118,2.536373664697221,2.0083601415589305,-0.5130775828799559,2.0083642775168333,-0.08762222918938363,2.0083643256334365,0.11384339417585798,2.008364397809379,0.4428248568947869
2.008325960792398,-0.45550543992747233,2.0083258654405007,-0.08524702457026397,2.0083258654405007,-0.06259544367817348,2.0083258654405007,0.1000786621446924,2.0083258654405007,-0.2796124112386549,2.008324554573352,-0.22022379916698223,2.0083206244474137,0.22521258970074304,2.0083139636278386,0.7257482999249457,2.008310470964792,2.540327896807992,2.0083068625882676,1.031976460382074,2.0083068388593235,-0.4004570480795102,2.008300626543166,-0.5130775828799559,2.008300626543166,-0.15869830004122035,2.0082784614815257,-0.4004570480795102,2.0082749043890002,0.1651483044738388,2.008337418897958,-0.5043182079510323,2.008337418897958,-0.48805079736874574,2.008337418897958,-0.4630240118575356,2.008337442801931,-0.39782933570797524,2.0083374906102884,-0.5005641901243507,2.0083374906102884,-0.4630240118575356,2.0083375145146722,-0.5130775828799559,2.0083375384191937,-0.08762222918938363,2.0083376101335797,0.11384339417585798,2.0083381599848606,-0.5130775828799559,2.0083411974265055,0.4435267706346271,2.008345051223922,-0.08762222918938363,2.0083450991195746,-0.3604190339445705,2.008352169754691,-0.2753231205234596,2.0083531054134327,-0.08762222918938363
2.008325960792398,-0.45550543992747233,2.0083258654405007,-0.08524702457026397,2.0083258654405007,-0.06259544367817348,2.0083258654405007,0.1000786621446924,2.0083258654405007,-0.2796124112386549,2.008324554573352,-0.22022379916698223,2.0083206244474137,0.22521258970074304,2.0083139636278386,0.7257482999249457,2.008310470964792,2.540327896807992,2.0083068625882676,1.031976460382074,2.0083068388593235,-0.4004570480795102,2.008300626543166,-0.5130775828799559,2.008300626543166,-0.15869830004122035,2.0082874738879024,-0.32291159071320397,2.0082784614815257,-0.4004570480795102,2.0083373232834374,-0.5043182079510323,2.0083373232834374,-0.48805079736874574,2.0083373232834374,-0.5130775828799559,2.0083373232834374,-0.4630240118575356,2.0083373232834374,-0.48776027392913884,2.008337347186862,-0.08762222918938363,2.008337347186862,0.11384339417585798,2.0083373710904238,-0.4630240118575356,2.0083374906102884,-0.5005641901243507,2.008338064353341,-0.5130775828799559,2.0083411974265055,0.4435267706346271,2.008345051223922,-0.08762222918938363,2.0083450991195746,-0.3604190339445705,2.008352169754691,-0.2753231205234596,2.0083531054134327,-0.08762222918938363
2.008325960792398,-0.45550543992747233,2.0083258654405007,-0.08524702457026397,2.0083258654405007,-0.06259544367817348,2.0083258654405007,0.1000786621446924,2.0083258654405007,-0.2796124112386549,2.008324554573352,-0.22022379916698223,2.0083206244474137,0.22521258970074304,2.0083139636278386,0.7257482999249457,2.008310470964792,2.540327896807992,2.0083068625882676,1.031976460382074,2.0083068388593235,-0.4004570480795102,2.008300626543166,-0.5130775828799559,2.008300626543166,-0.15869830004122035,2.0082882061221,1.459430065248396,2.0082814319928692,-0.4657639067951246,2.00833720376837,-0.5043182079510323,2.0083372276711096,-0.48805079736874574,2.0083372276711096,-0.4877604991702085,2.0083372276711096,-0.4630240118575356,2.008337251573986,-0.08762222918938363,2.0083372754769995,-0.5130775828799559,2.008337347186862,0.11384339417585798,2.0083374906102884,-0.5005641901243507,2.008338016538404,-0.5130775828799559,2.0083411974265055,0.4435267706346271,2.008345051223922,-0.08762222918938363,2.0083450991195746,-0.3604190339445705,2.008352169754691,-0.2753231205234596,2.0083531054134327,-0.08762222918938363,2.0083531534015835,0.4428248568947869
2.008325960792398,-0.45550543992747233,2.0083258892782703,-0.4630240118575356,2.0083258654405007,-0.08524702457026397,2.0083258654405007,-0.06259544367817348,2.0083258654405007,0.1000786621446924,2.0083258654405007,-0.2796124112386549,2.0083258654405007,0.7257482999249457,2.008324554573352,-0.22022379916698223,2.0083206244474137,0.22521258970074304,2.008315461382288,2.5378252182568706,2.0083139636278386,0.7257482999249457,2.0083068625882676,1.031976460382074,2.0083068388593235,-0.4004570480795102,2.008300626543166,-0.5130775828799559,2.008300626543166,-0.15869830004122035,2.0083371320609746,-0.5005641901243507,2.0083371559633028,-0.5043182079510323,2.0083371559633028,-0.4877607118978853,2.008337179865768,-0.4630240118575356,2.008337179865768,0.11384339417585798,2.0083372754769995,-0.5130775828799559,2.00833729938015,-0.08762222918938363,2.0083379209101753,-0.5130775828799559,2.0083411974265055,0.4435267706346271,2.0083450991195746,-0.3604190339445705,2.008352169754691,-0.2753231205234596,2.0083531534015835,0.4428248568947869,2.0083601415589305,-0.5130775828799559,2.0083602617325407,2.54039046377177,2.0083637963812486,-0.08762222918938363
2.0083258654405007,-0.08524702457026397,2.0083258654405007,-0.06259544367817348,2.0083258654405007,0.1000786621446924,2.0083258654405007,-0.2796124112386549,2.0083258654405007,0.7257482999249457,2.008324554573352,-0.22022379916698223,2.0083206244474137,0.22521258970074304,2.008315461382288,2.5378252182568706,2.0083139636278386,0.7257482999249457,2.0083068625882676,1.031976460382074,2.0083068388593235,-0.4004570480795102,2.008300626543166,-0.5130775828799559,2.008300626543166,-0.15869830004122035,2.008283555092193,1.6455880552557058,2.008282634948846,-0.4716792127917687,2.0083363911567744,-0.5043182079510323,2.0083363911567744,-0.4877626639871551,2.008336415054855,-0.48805079736874574,2.0083364389530716,-0.08762222918938363,2.0083364389530716,-0.5130775828799559,2.0083364867499167,0.44349491153667125,2.0083370842567296,-0.4004570480795102,2.0083371320609746,-0.5005641901243507,2.008337179865768,0.11384339417585798,2.00833720376837,-0.5130775828799559,2.008343662489097,-0.3604474018059474,2.008347662338781,0.44349491153667125,2.008351713996875,-0.5102263312602348,2.008352169754691,-0.2753231205234596,2.008358795850496,2.541178807515373
2.0083258654405007,-0.08524702457026397,2.0083258654405007,-0.06259544367817348,2.0083258654405007,0.1000786621446924,2.0083258654405007,-0.2796124112386549,2.0083258654405007,0.7257482999249457,2.008324554573352,-0.22022379916698223,2.0083206244474137,0.22521258970074304,2.008315461382288,2.5378252182568706,2.0083139636278386,0.7257482999249457,2.0083068625882676,1.031976460382074,2.0083068388593235,-0.4004570480795102,2.008300626543166,-0.5130775828799559,2.008300626543166,-0.15869830004122035,2.008283555092193,1.6455880552557058,2.008282634948846,-0.4716792127917687,2.0083363433610257,-0.5043182079510323,2.0083363433610257,-0.4630240118575356,2.0083363672588317,-0.5130775828799559,2.0083363672588317,-0.48805079736874574,2.0083363672588317,-0.08762222918938363,2.0083363911567744,-0.48776287671483204,2.0083364867499167,0.44349491153667125,2.0083371081587833,-0.5130775828799559,2.0083371320609746,-0.5005641901243507,2.008343662489097,-0.3604474018059474,2.0083476144137005,-0.08762222918938363,2.008347662338781,0.44349491153667125,2.008351713996875,-0.5102263312602348,2.008352169754691,-0.2753231205234596,2.008358747797493,-0.08762222918938363
2.0083258654405007,-0.08524702457026397,2.0083258654405007,-0.06259544367817348,2.0083258654405007,0.1000786621446924,2.0083258654405007,-0.2796124112386549,2.0083258654405007,0.7257482999249457,2.008324554573352,-0.22022379916698223,2.0083206244474137,0.22521258970074304,2.008315461382288,2.5378252182568706,2.0083139636278386,0.7257482999249457,2.0083068625882676,1.031976460382074,2.0083068388593235,-0.4004570480795102,2.008300626543166,-0.5130775828799559,2.008300626543166,-0.15869830004122035,2.008283555092193,1.6455880552557058,2.0082784614815257,-0.4004570480795102,2.0083362238740508,-0.4630240118575356,2.0083362477711715,-0.48805079736874574,2.0083362477711715,-0.5043182079510323,2.0083362477711715,-0.5130775828799559,2.0083362477711715,-0.08762222918938363,2.0083362716684294,-0.4004570480795102,2.0083363194633566,0.11384339417585798,2.0083364867499167,0.44349491153667125,2.0083370125513897,-0.5130775828799559,2.0083371320609746,-0.5005641901243507,2.008343662489097,-0.3604474018059474,2.0083476144137005,-0.08762222918938363,2.008347662338781,0.44349491153667125,2.008351713996875,-0.5102263312602348,2.008352169754691,-0.2753231205234596
2.0083258892782703,-0.4630240118575356,2.0083258654405007,-0.08524702457026397,2.0083258654405007,-0.06259544367817348,2.0083258654405007,0.1000786621446924,2.0083258654405007,-0.2796124112386549,2.0083258654405007,0.7257482999249457,2.008324554573352,-0.22022379916698223,2.0083206244474137,0.22521258970074304,2.008315461382288,2.5378252182568706,2.0083139636278386,0.7257482999249457,2.0083068625882676,1.031976460382074,2.0083068388593235,-0.4004570480795102,2.008300626543166,-0.5130775828799559,2.008300626543166,-0.15869830004122035,2.008283555092193,1.6455880552557058,2.008336128286937,-0.5005641901243507,2.00833615218351,-0.5043182079510323,2.00833615218351,-0.5130775828799559,2.00833615218351,-0.48776320206304363,2.00833617608022,-0.48805079736874574,2.0083362238740508,-0.4630240118575356,2.0083362477711715,-0.08762222918938363,2.0083363194633566,0.11384339417585798,2.0083364867499167,0.44349491153667125,2.0083369169461887,-0.5130775828799559,2.008343662489097,-0.3604474018059474,2.0083476144137005,-0.08762222918938363,2.008347662338781,0.44349491153667125,2.008351713996875,-0.5102263312602348,2.008352169754691,-0.2753231205234596
2.0083258654405007,-0.12278720283707913,2.0083258654405007,-0.06259544367817348,2.0083258654405007,0.1000786621446924,2.0083258654405007,-0.2796124112386549,2.0083258654405007,0.7257482999249457,2.008324554573352,-0.22022379916698223,2.0083206244474137,0.22521258970074304,2.008315461382288,2.5378252182568706,2.0083139636278386,0.7257482999249457,2.0083068625882676,1.031976460382074,2.0083068388593235,-0.4004570480795102,2.008300626543166,-0.5130775828799559,2.008300626543166,-0.15869830004122035,2.008283555092193,1.6455880552557058,2.0082814319928692,-0.4704113808645563,2.0083358176439563,-0.5043182079510323,2.0083360327020157,-0.5130775828799559,2.0083360565980404,-0.08762222918938363,2.0083360804942023,-0.4630240118575356,2.0083364867499167,0.44349491153667125,2.0083366062444274,-0.5130775828799559,2.008343662489097,-0.3604474018059474,2.0083476144137005,-0.08762222918938363,2.008347662338781,0.44349491153667125,2.008351713996875,-0.5102263312602348,2.008352169754691,-0.2753231205234596,2.0083588198772047,-0.08762222918938363,2.0083588679310362,0.44349491153667125,2.008360117524623,0.11384339417585798,2.0083601415589305,-0.5130775828799559
2.0083258654405007,-0.12278720283707913,2.0083258654405007,-0.06259544367817348,2.0083258654405007,0.1000786621446924,2.0083258654405007,-0.2796124112386549,2.0083258654405007,0.7257482999249457,2.008324554573352,-0.22022379916698223,2.0083206244474137,0.22521258970074304,2.008315461382288,2.5378252182568706,2.0083139636278386,0.7257482999249457,2.0083068625882676,1.031976460382074,2.0083068388593235,-0.4004570480795102,2.008300626543166,-0.5130775828799559,2.008300626543166,-0.15869830004122035,2.008283555092193,1.6455880552557058,2.008281219742792,-0.4646098466348461,2.008335722066158,-0.5043182079510323,2.0083357459604025,-0.48805079736874574,2.0083357459604025,-0.08762222918938363,2.0083357459604025,-0.5130775828799559,2.0083357698547832,-0.4630240118575356,2.008335793749301,-0.3718678122713142,2.0083358415387482,-0.5005641901243507,2.0083358415387482,0.11384339417585798,2.0083364628514255,-0.5130775828799559,2.0083364867499167,0.44349491153667125,2.008343662489097,-0.3604474018059474,2.0083476144137005,-0.08762222918938363,2.008347662338781,0.44349491153667125,2.008351713996875,-0.5102263312602348,2.008352169754691,-0.2753231205234596
2.0083258654405007,-0.12278720283707913,2.0083258654405007,-0.06259544367817348,2.0083258654405007,0.1000786621446924,2.0083258654405007,-0.2796124112386549,2.0083258654405007,0.7257482999249457,2.008324554573352,-0.22022379916698223,2.0083206244474137,0.22521258970074304,2.008315461382288,2.5378252182568706,2.0083139636278386,0.7257482999249457,2.0083068625882676,1.031976460382074,2.0083068388593235,-0.4004570480795102,2.008300626543166,-0.5130775828799559,2.008300626543166,-0.15869830004122035,2.008283555092193,1.6455880552557058,2.0082832247608033,-0.5056206519226066,2.008335626490552,-0.5043182079510323,2.008335674278081,-0.48805079736874574,2.008335674278081,-0.4877641781076786,2.008335722066158,-0.5130775828799559,2.0083357459604025,-0.08762222918938363,2.0083358415387482,-0.5005641901243507,2.0083358415387482,0.11384339417585798,2.008336415054855,-0.5130775828799559,2.0083364867499167,0.44349491153667125,2.008343662489097,-0.3604474018059474,2.0083476144137005,-0.08762222918938363,2.008347662338781,0.44349491153667125,2.008351713996875,-0.5102263312602348,2.008352169754691,-0.2753231205234596,2.0083588198772047,-0.08762222918938363
2.0083258654405007,-0.12278720283707913,2.0083258654405007,-0.06259544367817348,2.0083258654405007,0.1000786621446924,2.0083258654405007,-0.2796124112386549,2.0083258654405007,0.7257482999249457,2.008324554573352,-0.22022379916698223,2.0083206244474137,0.22521258970074304,2.008315461382288,2.5378252182568706,2.0083139636278386,0.7257482999249457,2.0083068625882676,1.031976460382074,2.0083068388593235,-0.4004570480795102,2.008300626543166,-0.5130775828799559,2.008300626543166,-0.15869830004122035,2.008283555092193,1.6455880552557058,2.0082832247608033,-0.5056206519226066,2.0083355309171376,-0.48805079736874574,2.0083355309171376,-0.5043182079510323,2.0083355309171376,-0.5130775828799559,2.008335554810286,-0.4630240118575356,2.008335554810286,0.11384339417585798,2.0083358415387482,-0.5005641901243507,2.0083362716684294,-0.5130775828799559,2.0083364867499167,0.44349491153667125,2.008343662489097,-0.3604474018059474,2.0083476144137005,-0.08762222918938363,2.008347662338781,0.44349491153667125,2.008351713996875,-0.5102263312602348,2.008352169754691,-0.2753231205234596,2.0083588198772047,-0.08762222918938363,2.0083588679310362,0.44349491153667125
2.0083258654405007,-0.12278720283707913,2.0083258654405007,-0.06259544367817348,2.0083258654405007,0.1000786621446924,2.0083258654405007,-0.2796124112386549,2.0083258654405007,0.7257482999249457,2.008324554573352,-0.22022379916698223,2.0083206244474137,0.22521258970074304,2.008315461382288,2.5378252182568706,2.0083139636278386,0.7257482999249457,2.0083068625882676,1.031976460382074,2.0083068388593235,-0.4004570480795102,2.008300626543166,-0.5130775828799559,2.008300626543166,-0.15869830004122035,2.008283555092193,1.6455880552557058,2.0082784614815257,-0.4004570480795102,2.008335387561125,-0.48805079736874574,2.008335387561125,-0.5043182079510323,2.008335387561125,-0.5130775828799559,2.008335387561125,-0.4630240118575356,2.0083354114534515,-0.34540865623154815,2.008335459238515,-0.5005641901243507,2.008335554810286,0.11384339417585798,2.008336128286937,-0.5130775828799559,2.0083364867499167,0.44349491153667125,2.008343662489097,-0.3604474018059474,2.0083476144137005,-0.08762222918938363,2.008347662338781,0.44349491153667125,2.008351713996875,-0.5102263312602348,2.008352169754691,-0.2753231205234596,2.0083588198772047,-0.08762222918938363
2.0083258654405007,-0.12278720283707913,2.0083258654405007,-0.06259544367817348,2.0083258654405007,0.1000786621446924,2.0083258654405007,-0.2796124112386549,2.0083258654405007,0.7257482999249457,2.008324554573352,-0.22022379916698223,2.0083206244474137,0.22521258970074304,2.008315461382288,2.5378252182568706,2.0083139636278386,0.7257482999249457,2.0083068625882676,1.031976460382074,2.0083068388593235,-0.4004570480795102,2.008300626543166,-0.5130775828799559,2.008300626543166,-0.15869830004122035,2.008283649477429,-0.5060724479680478,2.008283555092193,1.6455880552557058,2.008335315884968,-0.48805079736874574,2.008335315884968,-0.5043182079510323,2.008335315884968,-0.5130775828799559,2.008335315884968,-0.4630240118575356,2.0083353397768833,-0.08762222918938363,2.008335363668936,0.11384339417585798,2.0083354114534515,-0.34540865623154815,2.008335459238515,-0.5005641901243507,2.0083360565980404,-0.5130775828799559,2.0083364867499167,0.44349491153667125,2.008343662489097,-0.3604474018059474,2.0083476144137005,-0.08762222918938363,2.008347662338781,0.44349491153667125,2.008351713996875,-0.5102263312602348,2.008352169754691,-0.2753231205234596
2.0083258654405007,-0.12278720283707913,2.0083258654405007,-0.06259544367817348,2.0083258654405007,0.1000786621446924,2.0083258654405007,-0.2796124112386549,2.0083258654405007,0.7257482999249457,2.008324554573352,-0.22022379916698223,2.0083206244474137,0.22521258970074304,2.008315461382288,2.5378252182568706,2.0083139636278386,0.7257482999249457,2.0083068625882676,1.031976460382074,2.0083068388593235,-0.4004570480795102,2.008300626543166,-0.5130775828799559,2.008300626543166,-0.15869830004122035,2.008283649477429,-0.5060724479680478,2.008283555092193,1.6455880552557058,2.0083351725363516,-0.5043182079510323,2.008335196427445,-0.4630240118575356,2.008335196427445,-0.48805079736874574,2.008335220318676,-0.37642702938164063,2.0083352442100435,-0.4630240118575356,2.0083352442100435,-0.5130775828799559,2.0083352681015483,-0.08762222918938363,2.008335363668936,0.11384339417585798,2.008335459238515,-0.5005641901243507,2.0083364867499167,0.44349491153667125,2.0083424656748274,-0.36047105211825553,2.0083476144137005,-0.08762222918938363,2.008347662338781,0.44349491153667125,2.008351713996875,-0.5102263312602348,2.008352169754691,-0.2753231205234596
2.0083258654405007,-0.12278720283707913,2.0083258654405007,-0.06259544367817348,2.0083258654405007,0.1000786621446924,2.0083258654405007,-0.2796124112386549,2.0083258654405007,0.7257482999249457,2.008324554573352,-0.22022379916698223,2.0083206244474137,0.22521258970074304,2.008315461382288,2.5378252182568706,2.0083139636278386,0.7257482999249457,2.0083068625882676,1.031976460382074,2.0083068388593235,-0.4004570480795102,2.008300626543166,-0.5130775828799559,2.008300626543166,-0.15869830004122035,2.008287497506341,-0.3071125689351524,2.008283555092193,1.6455880552557058,2.008335053082938,-0.36061745881349616,2.0083350769733466,-0.4630240118575356,2.0083351008638926,-0.48805079736874574,2.0083351008638926,-0.5005641901243507,2.0083351008638926,-0.4630240118575356,2.0083351008638926,-0.5130775828799559,2.0083351247545753,-0.08762222918938363,2.0083351725363516,0.11384339417585798,2.0083364867499167,0.44349491153667125,2.0083424656748274,-0.36047105211825553,2.0083476144137005,-0.08762222918938363,2.008347662338781,0.44349491153667125,2.008351713996875,-0.5102263312602348,2.008352169754691,-0.2753231205234596,2.0083588198772047,-0.08762222918938363
2.0083258654405007,-0.12278720283707913,2.0083258654405007,-0.06259544367817348,2.0083258654405007,0.1000786621446924,2.0083258654405007,-0.2796124112386549,2.0083258654405007,0.7257482999249457,2.008324554573352,-0.22022379916698223,2.0083206244474137,0.22521258970074304,2.008315461382288,2.5378252182568706,2.0083139636278386,0.7257482999249457,2.0083068625882676,1.031976460382074,2.0083068388593235,-0.4004570480795102,2.008300626543166,-0.5130775828799559,2.008300626543166,-0.15869830004122035,2.008287497506341,-0.3071125689351524,2.008283555092193,1.6455880552557058,2.0083349336329475,-0.48805079736874574,2.0083349336329475,-0.5043182079510323,2.0083349336329475,-0.5130775828799559,2.0083349336329475,-0.4630240118575356,2.008334957522672,-0.3606193483358021,2.008334957522672,-0.4630240118575356,2.008335005302531,-0.34540865623154815,2.008335005302531,-0.5005641901243507,2.008335005302531,-0.08762222918938363,2.008335005302531,0.11384339417585798,2.0083364867499167,0.44349491153667125,2.0083424656748274,-0.36047105211825553,2.0083476144137005,-0.08762222918938363,2.008347662338781,0.44349491153667125,2.008351713996875,-0.5102263312602348
2.0083258654405007,-0.12278720283707913,2.0083258654405007,-0.06259544367817348,2.0083258654405007,0.1000786621446924,2.0083258654405007,-0.2796124112386549,2.0083258654405007,0.7257482999249457,2.008324554573352,-0.22022379916698223,2.0083206244474137,0.22521258970074304,2.008315461382288,2.5378252182568706,2.0083139636278386,0.7257482999249457,2.0083068625882676,1.031976460382074,2.0083068388593235,-0.4004570480795102,2.008300626543166,-0.5130775828799559,2.008300626543166,-0.15869830004122035,2.008287497506341,-0.3071125689351524,2.008283555092193,1.6455880552557058,2.0083348858539103,-0.5043182079510323,2.0083348858539103,-0.48805079736874574,2.0083348858539103,-0.4630240118575356,2.0083348858539103,-0.5130775828799559,2.0083349097433603,-0.08762222918938363,2.008335005302531,-0.5005641901243507,2.008335005302531,0.11384339417585798,2.0083364867499167,0.44349491153667125,2.0083424656748274,-0.36047105211825553,2.0083476144137005,-0.08762222918938363,2.008347662338781,0.44349491153667125,2.008351713996875,-0.5102263312602348,2.008352169754691,-0.2753231205234596,2.0083588198772047,-0.08762222918938363,2.0083588679310362,0.44349491153667125
2.0083258654405007,-0.12278720283707913,2.0083258654405007,-0.06259544367817348,2.0083258654405007,0.1000786621446924,2.0083258654405007,-0.2796124112386549,2.0083258654405007,0.7257482999249457,2.008324554573352,-0.22022379916698223,2.0083206244474137,0.22521258970074304,2.008315461382288,2.5378252182568706,2.0083139636278386,0.7257482999249457,2.0083068625882676,1.031976460382074,2.0083068388593235,-0.4004570480795102,2.008300626543166,-0.5130775828799559,2.008300626543166,-0.15869830004122035,2.008287497506341,-0.3071125689351524,2.008283555092193,1.6455880552557058,2.008334718631593,-0.3606240658848711,2.0083347425200846,-0.4630240118575356,2.0083347425200846,-0.5043182079510323,2.0083347425200846,-0.48805079736874574,2.008334766408713,-0.4004570480795102,2.008334766408713,-0.4630240118575356,2.0083347902974786,-0.08762222918938363,2.0083348380754207,0.11384339417585798,2.0083348380754207,-0.5130775828799559,2.008335005302531,-0.5005641901243507,2.0083355309171376,-0.5130775828799559,2.0083364867499167,0.44349491153667125,2.0083424656748274,-0.36047105211825553,2.0083476144137005,-0.08762222918938363,2.008347662338781,0.44349491153667125
2.0083258654405007,-0.12278720283707913,2.0083258654405007,-0.06259544367817348,2.0083258654405007,0.1000786621446924,2.0083258654405007,-0.2796124112386549,2.0083258654405007,0.7257482999249457,2.008324554573352,-0.22022379916698223,2.0083206244474137,0.22521258970074304,2.008315461382288,2.5378252182568706,2.0083139636278386,0.7257482999249457,2.0083068388593235,-0.4004570480795102,2.008300626543166,-0.5130775828799559,2.008300626543166,-0.15869830004122035,2.008287497506341,-0.3071125689351524,2.008283555092193,1.6455880552557058,2.0082810075035953,0.1651483044738388,2.008334646966939,-0.5043182079510323,2.0083346708550205,-0.4630240118575356,2.0083346708550205,-0.48805079736874574,2.008334694743238,-0.5005641901243507,2.008334694743238,-0.5130775828799559,2.008334718631593,-0.4630240118575356,2.0083347902974786,-0.08762222918938363,2.0083348380754207,0.11384339417585798,2.0083354114534515,-0.5130775828799559,2.0083364867499167,0.44349491153667125,2.0083424656748274,-0.36047105211825553,2.0083476144137005,-0.08762222918938363,2.008347662338781,0.44349491153667125,2.008351713996875,-0.5102263312602348,2.008352169754691,-0.2753231205234596
2.0083258654405007,-0.12278720283707913,2.0083258654405007,-0.06259544367817348,2.0083258654405007,0.1000786621446924,2.0083258654405007,-0.2796124112386549,2.0083258654405007,0.7257482999249457,2.008324554573352,-0.22022379916698223,2.0083206244474137,0.22521258970074304,2.008315461382288,2.5378252182568706,2.0083139636278386,0.7257482999249457,2.0083068388593235,-0.4004570480795102,2.0083006502366314,1.0670498735349765,2.008300626543166,-0.5130775828799559,2.008300626543166,-0.15869830004122035,2.008287497506341,-0.3071125689351524,2.00828544320568,-0.33750795031351427,2.008334527528589,-0.5043182079510323,2.0083345514159854,-0.48805079736874574,2.0083345514159854,-0.5130775828799559,2.0083345514159854,0.11384339417585798,2.008334575303518,-0.4630240118575356,2.0083345991911883,-0.34540865623154815,2.0083345991911883,-0.5005641901243507,2.0083345991911883,-0.4630240118575356,2.0083346230789956,-0.5005641901243507,2.0083346230789956,-0.08762222918938363,2.008335315884968,-0.5130775828799559,2.0083364867499167,0.44349491153667125,2.0083424656748274,-0.36047105211825553,2.0083476144137005,-0.08762222918938363,2.008347662338781,0.44349491153667125
2.0083258654405007,-0.1353005955926842,2.0083258654405007,-0.06259544367817348,2.0083258654405007,0.1000786621446924,2.0083258654405007,-0.2796124112386549,2.0083258654405007,0.7257482999249457,2.008324554573352,-0.22022379916698223,2.0083206244474137,0.22521258970074304,2.0083139636278386,0.7257482999249457,2.0083132981323666,2.538801262891808,2.0083068388593235,-0.4004570480795102,2.0083006502366314,1.0670498735349765,2.008300626543166,-0.5130775828799559,2.008300626543166,-0.15869830004122035,2.008287497506341,-0.3071125689351524,2.00828544320568,-0.33750795031351427,2.0083343125481847,-0.3606320869696274,2.0083343364343484,-0.48805079736874574,2.0083343364343484,-0.4630240118575356,2.0083343364343484,-0.5043182079510323,2.0083343364343484,-0.5130775828799559,2.0083343364343484,-0.4004570480795102,2.0083343603206494,-0.08762222918938363,2.008334384207087,-0.4630240118575356,2.008334384207087,-0.5005641901243507,2.0083345514159854,0.11384339417585798,2.0083346230789956,-0.5005641901243507,2.0083350769733466,-0.5130775828799559,2.0083364867499167,0.44349491153667125,2.0083424656748274,-0.36047105211825553,2.0083476144137005,-0.08762222918938363
2.0083258654405007,-0.1353005955926842,2.0083258654405007,-0.06259544367817348,2.0083258654405007,0.1000786621446924,2.0083258654405007,-0.2796124112386549,2.0083258654405007,0.7257482999249457,2.008324554573352,-0.22022379916698223,2.0083206244474137,0.22521258970074304,2.0083139636278386,0.7257482999249457,2.0083132981323666,2.538801262891808,2.0083068388593235,-0.4004570480795102,2.0083006502366314,1.0670498735349765,2.008300626543166,-0.5130775828799559,2.008300626543166,-0.15869830004122035,2.008287497506341,-0.3071125689351524,2.00828544320568,-0.33750795031351427,2.0083340259248965,-0.36063774302315293,2.0083340498094175,-0.5043182079510323,2.0083340736940754,-0.4004570480795102,2.0083340736940754,-0.4630240118575356,2.00833409757887,-0.48805079736874574,2.00833409757887,-0.5130775828799559,2.0083341214638017,-0.5130775828799559,2.008334264776267,0.11384339417585798,2.008334814186381,-0.5130775828799559,2.0083364867499167,0.44349491153667125,2.0083412692038505,-0.3604946774037781,2.0083476144137005,-0.08762222918938363,2.008347662338781,0.44349491153667125,2.008351713996875,-0.5102263312602348,2.008352169754691,-0.2753231205234596
2.0083258654405007,-0.2479211303931298,2.0083258654405007,-0.06259544367817348,2.0083258654405007,0.1000786621446924,2.0083258654405007,-0.2796124112386549,2.0083258654405007,0.7257482999249457,2.008324554573352,-0.22022379916698223,2.0083206244474137,0.22521258970074304,2.0083140111673066,2.5385635084294518,2.0083139636278386,0.7257482999249457,2.0083068388593235,-0.4004570480795102,2.0083006502366314,1.0670498735349765,2.008300626543166,-0.5130775828799559,2.008300626543166,-0.15869830004122035,2.008287497506341,-0.3071125689351524,2.00828544320568,-0.33750795031351427,2.0083338587370823,-0.4630240118575356,2.008333882620645,-0.5043182079510323,2.008333882620645,-0.08762222918938363,2.0083339065043444,-0.48805079736874574,2.008333978156265,-0.5005641901243507,2.0083340259248965,0.11384339417585798,2.0083346230789956,-0.5130775828799559,2.0083364867499167,0.44349491153667125,2.0083412692038505,-0.3604946774037781,2.0083476144137005,-0.08762222918938363,2.008347662338781,0.44349491153667125,2.008351713996875,-0.5102263312602348,2.008352169754691,-0.2753231205234596,2.0083580510910304,-0.08762222918938363,2.008358795850496,0.11384339417585798
2.0083258654405007,-0.2479211303931298,2.0083258654405007,-0.06259544367817348,2.0083258654405007,0.1000786621446924,2.0083258654405007,-0.2796124112386549,2.0083258654405007,0.7257482999249457,2.008324554573352,-0.22022379916698223,2.0083206244474137,0.22521258970074304,2.0083139636278386,0.7257482999249457,2.0083132506010526,2.538000405755449,2.0083068388593235,-0.4004570480795102,2.0083006502366314,1.0670498735349765,2.008300626543166,-0.5130775828799559,2.008300626543166,-0.15869830004122035,2.008287497506341,-0.3071125689351524,2.008283555092193,1.6455880552557058,2.0083335243815768,-0.5043182079510323,2.008333548263223,-0.4630240118575356,2.008333548263223,-0.5130775828799559,2.0083335721450064,-0.5005641901243507,2.0083335721450064,-0.08762222918938363,2.0083337632042,0.11384339417585798,2.008333978156265,-0.5005641901243507,2.0083364867499167,0.44349491153667125,2.0083412692038505,-0.3604946774037781,2.0083476144137005,-0.08762222918938363,2.008347662338781,0.44349491153667125,2.008351713996875,-0.5102263312602348,2.008352169754691,-0.2753231205234596,2.008358027068741,-0.08762222918938363,2.0083580751134575,2.5377501379003373
2.008325913116176,-0.5130775828799559,2.0083258892782703,-0.5005641901243507,2.0083258654405007,-0.2479211303931298,2.0083258654405007,-0.06259544367817348,2.0083258654405007,0.1000786621446924,2.0083258654405007,-0.2796124112386549,2.0083258654405007,0.7257482999249457,2.008324554573352,-0.22022379916698223,2.0083206244474137,0.22521258970074304,2.0083139636278386,0.7257482999249457,2.0083132506010526,2.538000405755449,2.0083068388593235,-0.4004570480795102,2.0083006502366314,1.0670498735349765,2.008300626543166,-0.5130775828799559,2.008300626543166,-0.15869830004122035,2.008333381094573,-0.5043182079510323,2.008333404975398,-0.4630240118575356,2.00833342885636,-0.5130775828799559,2.00833342885636,-0.4630240118575356,2.008333452737459,-0.5005641901243507,2.008333452737459,-0.08762222918938363,2.0083335005000675,0.11384339417585798,2.0083341214638017,-0.5130775828799559,2.0083364867499167,0.44349491153667125,2.0083412692038505,-0.3604946774037781,2.0083476144137005,-0.08762222918938363,2.008347662338781,0.44349491153667125,2.008351713996875,-0.5102263312602348,2.008352169754691,-0.2753231205234596,2.008358027068741,-0.08762222918938363
2.008325913116176,-0.48805079736874574,2.0083258892782703,-0.5005641901243507,2.0083258654405007,-0.2479211303931298,2.0083258654405007,-0.06259544367817348,2.0083258654405007,-0.2796124112386549,2.0083258654405007,0.7257482999249457,2.0083258654405007,-0.4505106191019305,2.008324554573352,-0.22022379916698223,2.0083206244474137,0.22521258970074304,2.0083139636278386,0.7257482999249457,2.0083132506010526,2.538000405755449,2.0083068388593235,-0.4004570480795102,2.0083006502366314,1.0670498735349765,2.008300626543166,-0.5130775828799559,2.008300626543166,-0.15869830004122035,2.008333094535347,0.11384339417585798,2.0083331184145297,-0.5043182079510323,2.008333142293849,-0.5005641901243507,2.008333190052899,-0.08762222918938363,2.008333190052899,-0.5130775828799559,2.0083332139326293,-0.4630240118575356,2.008333882620645,-0.5130775828799559,2.0083364867499167,0.44349491153667125,2.0083412692038505,-0.3604946774037781,2.0083476144137005,-0.08762222918938363,2.008347662338781,0.44349491153667125,2.008351713996875,-0.5102263312602348,2.008352169754691,-0.2753231205234596,2.008358027068741,-0.08762222918938363,2.0083580751134575,2.5377501379003373
2.008325913116176,-0.48805079736874574,2.0083258892782703,-0.5005641901243507,2.0083258654405007,-0.2479211303931298,2.0083258654405007,-0.06259544367817348,2.0083258654405007,-0.2796124112386549,2.0083258654405007,0.7257482999249457,2.0083258654405007,-0.4505106191019305,2.008324554573352,-0.22022379916698223,2.0083206244474137,0.22521258970074304,2.0083140111673066,2.541316454835685,2.0083139636278386,0.7257482999249457,2.0083068388593235,-0.4004570480795102,2.0083006502366314,1.0670498735349765,2.008300626543166,-0.5130775828799559,2.008300626543166,-0.15869830004122035,2.0083330467773917,-0.5043182079510323,2.0083330467773917,-0.4630240118575356,2.0083330467773917,-0.5130775828799559,2.0083330706563007,-0.4630240118575356,2.008333094535347,0.11384339417585798,2.008333094535347,-0.3823611054674181,2.008333142293849,-0.5005641901243507,2.0083337870872153,-0.5130775828799559,2.0083364867499167,0.44349491153667125,2.0083412692038505,-0.3604946774037781,2.008347662338781,0.44349491153667125,2.008351713996875,-0.5102263312602348,2.008352169754691,-0.2753231205234596,2.008358747797493,-0.08762222918938363,2.008358795850496,0.11384339417585798
2.008325913116176,-0.48805079736874574,2.0083258892782703,-0.5005641901243507,2.0083258654405007,-0.2479211303931298,2.0083258654405007,-0.06259544367817348,2.0083258654405007,-0.2796124112386549,2.0083258654405007,0.7257482999249457,2.0083258654405007,-0.4505106191019305,2.008324554573352,-0.22022379916698223,2.0083206244474137,0.22521258970074304,2.0083139636278386,0.7257482999249457,2.0083139398583083,2.5374873566524694,2.0083068388593235,-0.4004570480795102,2.0083006502366314,1.0670498735349765,2.008300626543166,-0.5130775828799559,2.008300626543166,-0.15869830004122035,2.0083329035068114,-0.5043182079510323,2.0083329273848993,-0.4004570480795102,2.008332951263124,-0.5130775828799559,2.0083329751414856,-0.4630240118575356,2.0083329751414856,-0.5130775828799559,2.0083329990199843,0.11384339417585798,2.0083329990199843,-0.5005641901243507,2.008333142293849,-0.5005641901243507,2.008333691555976,-0.5130775828799559,2.0083364867499167,0.44349491153667125,2.0083412692038505,-0.3604946774037781,2.008347662338781,0.44349491153667125,2.008351713996875,-0.5102263312602348,2.008352169754691,-0.2753231205234596,2.008358747797493,-0.08762222918938363
2.008325913116176,-0.48805079736874574,2.0083258892782703,-0.5005641901243507,2.0083258654405007,-0.2479211303931298,2.0083258654405007,-0.06259544367817348,2.0083258654405007,-0.2796124112386549,2.0083258654405007,0.7257482999249457,2.0083258654405007,-0.4505106191019305,2.008324554573352,-0.22022379916698223,2.0083206244474137,0.22521258970074304,2.0083139636278386,0.7257482999249457,2.0083139398583083,2.5374873566524694,2.0083068388593235,-0.4004570480795102,2.0083006502366314,1.0670498735349765,2.008300626543166,-0.5130775828799559,2.008300626543166,-0.15869830004122035,2.008332855751046,-0.5043182079510323,2.00833287962886,-0.4630240118575356,2.00833287962886,-0.5005641901243507,2.0083329035068114,-0.4630240118575356,2.0083329035068114,-0.5130775828799559,2.0083329990199843,0.11384339417585798,2.0083364867499167,0.44349491153667125,2.0083400730760186,-0.22048459078540178,2.0083476144137005,-0.08762222918938363,2.008347662338781,0.44349491153667125,2.008351713996875,-0.5102263312602348,2.008352169754691,-0.2753231205234596,2.008358699745042,-0.08762222918938363,2.008358747797493,2.5410286468023062,2.008358795850496,0.11384339417585798
2.0083258892782703,-0.5005641901243507,2.0083258654405007,-0.2479211303931298,2.0083258654405007,-0.06259544367817348,2.0083258654405007,-0.2796124112386549,2.0083258654405007,0.7257482999249457,2.0083258654405007,-0.4505106191019305,2.008324554573352,-0.22022379916698223,2.0083206244474137,0.22521258970074304,2.0083139636278386,0.7257482999249457,2.0083139398583083,2.5374873566524694,2.0083068388593235,-0.4004570480795102,2.0083006502366314,1.0670498735349765,2.008300626543166,-0.5130775828799559,2.008300626543166,-0.15869830004122035,2.008287497506341,-0.3071125689351524,2.008332807995828,-0.48805079736874574,2.008332807995828,-0.5043182079510323,2.008332807995828,-0.5005641901243507,2.0083328318733686,-0.34540865623154815,2.008332855751046,-0.5130775828799559,2.00833287962886,-0.4630240118575356,2.00833287962886,-0.5005641901243507,2.008332951263124,-0.08762222918938363,2.0083329990199843,0.11384339417585798,2.0083335721450064,-0.5130775828799559,2.0083364867499167,0.44349491153667125,2.0083400252380406,-0.08762222918938363,2.0083400730760186,-0.22048459078540178,2.0083476144137005,-0.08762222918938363,2.008347662338781,0.44349491153667125
2.008325936954219,-0.48805079736874574,2.0083258892782703,-0.5005641901243507,2.0083258654405007,-0.2479211303931298,2.0083258654405007,-0.06259544367817348,2.0083258654405007,-0.2796124112386549,2.0083258654405007,0.7257482999249457,2.0083258654405007,-0.4505106191019305,2.008324554573352,-0.22022379916698223,2.0083206244474137,0.22521258970074304,2.0083139636278386,0.7257482999249457,2.0083139398583083,2.5374873566524694,2.0083068388593235,-0.4004570480795102,2.0083006502366314,1.0670498735349765,2.008300626543166,-0.5130775828799559,2.008300626543166,-0.15869830004122035,2.008332712487034,-0.48805079736874574,2.008332712487034,-0.5043182079510323,2.008332736364027,-0.34540865623154815,2.008332736364027,-0.4630240118575356,2.0083327602411574,-0.4630240118575356,2.0083328318733686,0.11384339417585798,2.00833287962886,-0.5005641901243507,2.0083334766186947,-0.5130775828799559,2.0083364867499167,0.44349491153667125,2.0083400252380406,-0.08762222918938363,2.0083400730760186,-0.22048459078540178,2.0083476144137005,-0.08762222918938363,2.008347662338781,0.44349491153667125,2.008351713996875,-0.5102263312602348,2.008352169754691,-0.2753231205234596
2.008325936954219,-0.48805079736874574,2.0083258892782703,-0.5005641901243507,2.0083258654405007,-0.2479211303931298,2.0083258654405007,-0.06259544367817348,2.0083258654405007,-0.2796124112386549,2.0083258654405007,0.7257482999249457,2.0083258654405007,-0.4505106191019305,2.008324554573352,-0.22022379916698223,2.0083206244474137,0.22521258970074304,2.0083140111673066,2.5368867138002007,2.0083139636278386,0.7257482999249457,2.0083068388593235,-0.4004570480795102,2.0083006502366314,1.0670498735349765,2.008300626543166,-0.5130775828799559,2.008300626543166,-0.15869830004122035,2.008332664733458,-0.48805079736874574,2.008332664733458,-0.5043182079510323,2.008332664733458,-0.5005641901243507,2.008332664733458,-0.5130775828799559,2.008332664733458,-0.4630240118575356,2.0083326886101776,-0.08762222918938363,2.0083326886101776,0.11384339417585798,2.008333381094573,-0.5130775828799559,2.0083364867499167,0.44349491153667125,2.008337801377974,1.3514179377051991,2.0083400730760186,-0.22048459078540178,2.0083476144137005,-0.08762222918938363,2.008347662338781,0.44349491153667125,2.008352169754691,-0.2753231205234596,2.00835800304659,-0.08762222918938363
2.008325936954219,-0.48805079736874574,2.0083258892782703,-0.5005641901243507,2.0083258654405007,-0.2479211303931298,2.0083258654405007,-0.06259544367817348,2.0083258654405007,-0.2796124112386549,2.0083258654405007,0.7257482999249457,2.0083258654405007,-0.4505106191019305,2.008324554573352,-0.22022379916698223,2.0083206244474137,0.22521258970074304,2.0083139636278386,0.7257482999249457,2.0083132506010526,2.5369242539784675,2.0083068388593235,-0.4004570480795102,2.0083006502366314,1.0670498735349765,2.008300626543166,-0.5130775828799559,2.008300626543166,-0.15869830004122035,2.0083325214760137,-0.5043182079510323,2.0083325453519123,-0.48805079736874574,2.008332569227948,-0.34540865623154815,2.008332640856875,-0.5005641901243507,2.008332640856875,-0.08762222918938363,2.0083326886101776,0.11384339417585798,2.008333285572641,-0.5130775828799559,2.0083364867499167,0.44349491153667125,2.0083377535660527,-0.08762222918938363,2.008337801377974,1.3514179377051991,2.0083400730760186,-0.22048459078540178,2.0083476144137005,-0.08762222918938363,2.008347662338781,0.44349491153667125,2.0083515221137276,-0.5102726933803942,2.008352169754691,-0.2753231205234596
2.008325936954219,-0.48805079736874574,2.0083258892782703,-0.5005641901243507,2.0083258654405007,-0.2479211303931298,2.0083258654405007,-0.06259544367817348,2.0083258654405007,-0.2796124112386549,2.0083258654405007,0.7257482999249457,2.0083258654405007,-0.4505106191019305,2.008324554573352,-0.22022379916698223,2.0083206244474137,0.22521258970074304,2.0083139636278386,0.7257482999249457,2.0083132506010526,2.5369242539784675,2.0083068388593235,-0.4004570480795102,2.0083006502366314,1.0670498735349765,2.008300626543166,-0.5130775828799559,2.008300626543166,-0.15869830004122035,2.0083325214760137,-0.5043182079510323,2.0083325214760137,-0.4630240118575356,2.0083325453519123,-0.48805079736874574,2.0083325453519123,-0.5130775828799559,2.008332569227948,-0.34540865623154815,2.008332640856875,-0.5005641901243507,2.0083326886101776,0.11384339417585798,2.008333285572641,-0.5130775828799559,2.0083364867499167,0.44349491153667125,2.0083377535660527,-0.08762222918938363,2.008337801377974,1.3514179377051991,2.0083400730760186,-0.22048459078540178,2.0083476144137005,-0.08762222918938363,2.008347662338781,0.44349491153667125,2.0083515221137276,-0.5102726933803942
2.008325936954219,-0.48805079736874574,2.0083258892782703,-0.5005641901243507,2.0083258654405007,-0.2479211303931298,2.0083258654405007,-0.06259544367817348,2.0083258654405007,-0.2796124112386549,2.0083258654405007,0.7257482999249457,2.0083258654405007,-0.4505106191019305,2.008324554573352,-0.22022379916698223,2.0083206244474137,0.22521258970074304,2.0083139636278386,0.7257482999249457,2.0083132506010526,2.5369242539784675,2.0083068388593235,-0.4004570480795102,2.0083006502366314,1.0670498735349765,2.008300626543166,-0.5130775828799559,2.008300626543166,-0.15869830004122035,2.0083324259737876,-0.48805079736874574,2.008332449849139,-0.5043182079510323,2.008332449849139,-0.4630240118575356,2.0083324737246273,-0.5130775828799559,2.0083324976002523,0.11384339417585798,2.0083325214760137,-0.08762222918938363,2.008332640856875,-0.5005641901243507,2.0083332378124963,-0.5130775828799559,2.0083364867499167,0.44349491153667125,2.0083377535660527,-0.08762222918938363,2.008337801377974,1.3514179377051991,2.0083400730760186,-0.22048459078540178,2.0083476144137005,-0.08762222918938363,2.008347662338781,0.44349491153667125,2.0083515221137276,-0.5102726933803942
2.0083258654405007,0.27335207462708766,2.0083258654405007,-0.4505106191019305,2.008324554573352,-0.22022379916698223,2.0083206244474137,0.22521258970074304,2.0083139636278386,0.7257482999249457,2.0083132506010526,2.5369242539784675,2.0083068388593235,-0.4004570480795102,2.0083006502366314,1.0670498735349765,2.008300626543166,-0.5130775828799559,2.008300626543166,-0.15869830004122035,2.008287497506341,-0.3071125689351524,2.008283555092193,1.6455880552557058,2.008280771695024,0.1651483044738388,2.0082792156952065,0.9870521665903543,2.0082784614815257,-0.4004570480795102,2.008332330473751,-0.5005641901243507,2.0083323543485547,-0.48805079736874574,2.0083323543485547,-0.4630240118575356,2.0083323543485547,0.11384339417585798,2.008332378223496,-0.34540865623154815,2.008332378223496,-0.4630240118575356,2.0083324020985733,-0.5130775828799559,2.008332449849139,-0.08762222918938363,2.008333094535347,-0.5130775828799559,2.0083364867499167,0.44349491153667125,2.0083377535660527,-0.08762222918938363,2.008337801377974,1.3514179377051991,2.0083400730760186,-0.22048459078540178,2.0083476144137005,-0.08762222918938363,2.008347662338781,0.44349491153667125
2.0083258654405007,0.27335207462708766,2.0083258654405007,-0.4505106191019305,2.008324554573352,-0.22022379916698223,2.0083206244474137,0.22521258970074304,2.0083139636278386,0.7257482999249457,2.0083132506010526,2.5369242539784675,2.0083068388593235,-0.4004570480795102,2.0083006502366314,1.0670498735349765,2.008300626543166,-0.5130775828799559,2.008300626543166,-0.15869830004122035,2.008287497506341,-0.3071125689351524,2.008283555092193,1.6455880552557058,2.008280771695024,0.1651483044738388,2.008280323695735,-0.5038585159547624,2.0082792156952065,0.9870521665903543,2.008332211101783,-0.5043182079510323,2.008332211101783,-0.48805079736874574,2.008332211101783,-0.4630240118575356,2.008332211101783,-0.5005641901243507,2.008332234975903,-0.34540865623154815,2.008332234975903,-0.4630240118575356,2.0083322827245533,-0.5130775828799559,2.0083323065990837,-0.08762222918938363,2.008332330473751,-0.5005641901243507,2.0083323543485547,0.11384339417585798,2.0083329751414856,-0.5130775828799559,2.0083364867499167,0.44349491153667125,2.0083377535660527,-0.08762222918938363,2.008337801377974,1.3514179377051991,2.0083400730760186,-0.22048459078540178
2.0083258654405007,0.27335207462708766,2.0083258654405007,-0.4505106191019305,2.008324554573352,-0.22022379916698223,2.0083206244474137,0.22521258970074304,2.0083139636278386,0.7257482999249457,2.0083132506010526,2.5369242539784675,2.0083068388593235,-0.4004570480795102,2.0083006502366314,1.0670498735349765,2.008300626543166,-0.5130775828799559,2.008300626543166,-0.15869830004122035,2.008287497506341,-0.3071125689351524,2.008283555092193,1.6455880552557058,2.008280771695024,0.1651483044738388,2.008280323695735,-0.5038585159547624,2.0082792156952065,0.9870521665903543,2.0083321633539537,-0.5043182079510323,2.0083321633539537,-0.48805079736874574,2.0083321633539537,-0.4630240118575356,2.0083323065990837,-0.5130775828799559,2.0083323065990837,-0.08762222918938363,2.0083323065990837,-0.4630240118575356,2.008332330473751,-0.5005641901243507,2.00833287962886,-0.5130775828799559,2.0083364867499167,0.44349491153667125,2.0083377535660527,-0.08762222918938363,2.008337801377974,1.3514179377051991,2.0083400730760186,-0.22048459078540178,2.0083476144137005,-0.08762222918938363,2.008347662338781,0.44349491153667125,2.0083515221137276,-0.5102726933803942
2.008325913116176,0.1000786621446924,2.0083258654405007,0.27335207462708766,2.0083258654405007,-0.4505106191019305,2.008324554573352,-0.22022379916698223,2.0083206244474137,0.22521258970074304,2.0083139873975044,2.539889928061546,2.0083139636278386,0.7257482999249457,2.0083068388593235,-0.4004570480795102,2.0083006502366314,1.0670498735349765,2.008300626543166,-0.5130775828799559,2.008300626543166,-0.15869830004122035,2.008287497506341,-0.3071125689351524,2.008283555092193,1.6455880552557058,2.0082821395717096,0.04179169163104491,2.008280771695024,0.1651483044738388,2.008332043986774,-0.5043182079510323,2.0083320678599366,-0.48805079736874574,2.0083320678599366,-0.4630240118575356,2.0083320917332355,-0.4004570480795102,2.0083321156066716,-0.5130775828799559,2.008332139480244,0.11384339417585798,2.008332330473751,-0.5005641901243507,2.008332784118424,-0.5130775828799559,2.0083364867499167,0.44349491153667125,2.0083377535660527,-0.08762222918938363,2.008337801377974,1.3514179377051991,2.0083400730760186,-0.22048459078540178,2.0083476144137005,-0.08762222918938363,2.008347662338781,0.44349491153667125,2.0083515221137276,-0.5102726933803942
