2.008169204794773,-0.15970500248840883,2.008169204794773,1.4640384725056448,2.0081659014644146,-0.1703414989512079,2.0081659014644146,-0.03851223054769973,2.0081621884095804,-0.1703414989512079,2.008153560593741,-0.30078504675435314,2.0081508410109508,0.601185733882116,2.0081491279200105,-0.1703414989512079,2.008148442885244,-0.42815181406014297,2.008145795167426,-0.0021546680034312702,2.008143992965024,-0.5085096063947004,2.0081429667504858,-0.418482402643068,2.0081429439486556,-0.47358159886561785,2.0081429439486556,-0.4638078382663539,2.0081427615386125,-0.5058197149745629,2.008169227743911,-0.4004570480795102,2.00816957199646,-0.4630240118575356,2.008170145815188,-0.48805079736874574,2.0081847478855597,-0.5005641901243507,2.0081847709221097,-0.5130775828799559,2.008184816995598,-0.4158485211689045,2.008184840032537,-0.3219304406140224,2.008185231680337,-0.27407178124789905,2.0081853238382075,-0.36517517431669183,2.0081913877754523,0.06185890654410579,2.008200072751677,-0.037568658166963316,2.008200211491012,-0.5130775828799559,2.0082028947078916,-0.11264901470059371,2.008202917846706,0.06185890654410579,2.0082036352146964,-0.037568658166963316
2.008169204794773,-0.15970500248840883,2.008169204794773,1.4640384725056448,2.0081659014644146,-0.1703414989512079,2.0081659014644146,-0.03851223054769973,2.0081621884095804,-0.1703414989512079,2.008153560593741,-0.30078504675435314,2.0081508410109508,0.601185733882116,2.0081491279200105,-0.1703414989512079,2.008148442885244,-0.42815181406014297,2.008145795167426,-0.0021546680034312702,2.008143992965024,-0.5085096063947004,2.0081429667504858,-0.418482402643068,2.0081429439486556,-0.47358159886561785,2.0081429439486556,-0.4638078382663539,2.0081427615386125,-0.5058197149745629,2.008169227743911,-0.4004570480795102,2.00816957199646,-0.4630240118575356,2.008170145815188,-0.48805079736874574,2.0081846327047566,-0.5130775828799559,2.0081846557406577,-0.5005641901243507,2.008184678776689,-0.037568658166963316,2.00818472484914,-0.4158485211689045,2.00818472484914,-0.5130775828799559,2.0081847478855597,-0.3219304406140224,2.008184863069605,-0.5130775828799559,2.008185231680337,-0.27407178124789905,2.0081853238382075,-0.36517517431669183,2.0081912493345313,-0.037568658166963316,2.008191295480985,2.480613986578245,2.0081913877754523,0.06185890654410579
2.008169204794773,-0.15970500248840883,2.0081659014644146,-0.1703414989512079,2.0081659014644146,-0.03851223054769973,2.0081650531233857,1.3514179377051991,2.0081621884095804,-0.1703414989512079,2.008153560593741,-0.30078504675435314,2.0081508410109508,0.601185733882116,2.0081491279200105,-0.1703414989512079,2.008148442885244,-0.42815181406014297,2.008145795167426,-0.0021546680034312702,2.008143992965024,-0.5085096063947004,2.0081429667504858,-0.418482402643068,2.0081429439486556,-0.47358159886561785,2.0081429439486556,-0.4638078382663539,2.0081427615386125,-0.5058197149745629,2.008169227743911,-0.4004570480795102,2.00816957199646,-0.4630240118575356,2.008170145815188,-0.48805079736874574,2.008184448422214,-0.5130775828799559,2.008184448422214,-0.037568658166963316,2.008184471457078,-0.5005641901243507,2.0081844944920717,-0.3219304406140224,2.008184540562448,-0.4158485211689045,2.008184863069605,-0.5130775828799559,2.0081851164859166,0.06185890654410579,2.008185231680337,-0.27407178124789905,2.0081853238382075,-0.36517517431669183,2.0081912493345313,-0.037568658166963316,2.008191295480985,2.480613986578245,2.008196628896781,-0.11264901470059371
2.0081659014644146,-0.4310687359650455,2.0081621884095804,-0.1703414989512079,2.0081570598679948,1.201257224637938,2.008153560593741,-0.30078504675435314,2.0081508410109508,0.601185733882116,2.0081491279200105,-0.1703414989512079,2.008148442885244,-0.42815181406014297,2.008145795167426,-0.0021546680034312702,2.008143992965024,-0.5085096063947004,2.0081429667504858,-0.418482402643068,2.0081429439486556,-0.47358159886561785,2.0081429439486556,-0.4638078382663539,2.0081427615386125,-0.5058197149745629,2.008142579136741,-0.4630240118575356,2.008139433990254,-0.3161581501831821,2.0081691588968824,-0.5130775828799559,2.008169181845763,-0.48805079736874574,2.008169227743911,-0.4004570480795102,2.008169227743911,-0.4630240118575356,2.0081844253874794,-0.5130775828799559,2.0081844253874794,-0.32279153722310666,2.0081844253874794,-0.5005641901243507,2.0081844944920717,-0.3219304406140224,2.008184863069605,-0.5130775828799559,2.0081851164859166,0.06185890654410579,2.008185231680337,-0.27407178124789905,2.0081853238382075,-0.36517517431669183,2.0081912493345313,-0.037568658166963316,2.008191295480985,2.480613986578245,2.008196559587128,-0.11264901470059371
2.008162211319314,-0.5130775828799559,2.0081621884095804,-0.1703414989512079,2.0081570598679948,1.201257224637938,2.008153560593741,-0.30078504675435314,2.0081508410109508,0.601185733882116,2.0081491279200105,-0.1703414989512079,2.008148442885244,-0.42815181406014297,2.008145795167426,-0.0021546680034312702,2.008143992965024,-0.5085096063947004,2.0081430351567424,-0.2413914042987927,2.0081429667504858,-0.418482402643068,2.0081429439486556,-0.47358159886561785,2.0081429439486556,-0.4638078382663539,2.0081427615386125,-0.5058197149745629,2.008142579136741,-0.4630240118575356,2.008169044154414,-0.5005641901243507,2.0081690900510147,-0.4004570480795102,2.0081690900510147,-0.4630240118575356,2.008169135948131,-0.5005641901243507,2.008169181845763,-0.5130775828799559,2.008169204794773,-0.5130775828799559,2.008169227743911,-0.4004570480795102,2.0081844944920717,-0.3219304406140224,2.008184863069605,-0.5130775828799559,2.0081851164859166,0.06185890654410579,2.008185231680337,-0.27407178124789905,2.0081853238382075,-0.36517517431669183,2.0081912493345313,-0.037568658166963316,2.008191295480985,2.480613986578245,2.008196559587128,-0.11264901470059371
2.008162211319314,-0.5130775828799559,2.0081621884095804,-0.34552899752967886,2.008157082748948,-0.4310687359650455,2.0081570598679948,1.201257224637938,2.008153560593741,-0.30078504675435314,2.0081508410109508,0.601185733882116,2.0081491279200105,-0.1703414989512079,2.008148442885244,-0.42815181406014297,2.008145795167426,-0.0021546680034312702,2.008143992965024,-0.5085096063947004,2.0081430351567424,-0.2413914042987927,2.0081429667504858,-0.418482402643068,2.0081429439486556,-0.47358159886561785,2.0081429439486556,-0.4638078382663539,2.0081427615386125,-0.5058197149745629,2.0081688605731687,-0.5130775828799559,2.0081688605731687,-0.48805079736874574,2.0081689523627597,-0.037568658166963316,2.0081689982583293,-0.5130775828799559,2.0081691129995085,-0.5005641901243507,2.008169135948131,-0.5005641901243507,2.008169227743911,-0.4004570480795102,2.0081842641479697,2.4791248928403276,2.0081843793183998,-0.037568658166963316,2.0081844253874794,0.07062606480332334,2.008184863069605,-0.5130775828799559,2.0081851164859166,0.06185890654410579,2.008185231680337,-0.27407178124789905,2.0081853238382075,-0.36517517431669183,2.0081912493345313,-0.5130775828799559
2.008162211319314,-0.5130775828799559,2.0081621884095804,-0.34552899752967886,2.008157082748948,-0.4310687359650455,2.0081570598679948,1.201257224637938,2.008153560593741,-0.30078504675435314,2.0081508410109508,0.601185733882116,2.0081491279200105,-0.1703414989512079,2.008148442885244,-0.42815181406014297,2.008145795167426,-0.0021546680034312702,2.008143992965024,-0.5085096063947004,2.0081429667504858,-0.418482402643068,2.0081429439486556,-0.47358159886561785,2.0081429439486556,-0.4638078382663539,2.0081427615386125,-0.5058197149745629,2.008142579136741,-0.4630240118575356,2.0081684934354302,-0.5130775828799559,2.008168516380572,-0.5005641901243507,2.0081685622712424,-0.4505106191019305,2.008168585216771,-0.29461576893834124,2.008168585216771,-0.4630240118575356,2.0081686311082145,-0.5130775828799559,2.00816865405413,-0.037568658166963316,2.0081687228926492,-0.5005641901243507,2.0081687458390802,-0.4158485211689045,2.008169204794773,0.07062606480332334,2.008169227743911,-0.4004570480795102,2.008179015818014,-0.037568658166963316,2.0081790618267323,0.1326450921393663,2.008184218080705,-0.037568658166963316,2.0081842641479697,2.4791248928403276
2.008162211319314,-0.5130775828799559,2.0081621884095804,-0.34552899752967886,2.008157082748948,-0.4310687359650455,2.0081570598679948,1.201257224637938,2.008155275549037,-0.2764289040144869,2.008153560593741,-0.30078504675435314,2.0081508410109508,0.601185733882116,2.0081491279200105,-0.1703414989512079,2.008148442885244,-0.42815181406014297,2.008145795167426,-0.0021546680034312702,2.008143992965024,-0.5085096063947004,2.0081429667504858,-0.418482402643068,2.0081429439486556,-0.47358159886561785,2.0081429439486556,-0.4638078382663539,2.0081427615386125,-0.5058197149745629,2.0081683787116544,-0.36843984340627267,2.008168424600778,-0.5130775828799559,2.008168424600778,-0.4505106191019305,2.0081684704904172,-0.037568658166963316,2.0081687228926492,-0.5005641901243507,2.0081687458390802,-0.4158485211689045,2.008169204794773,0.07062606480332334,2.008169227743911,-0.4004570480795102,2.008179015818014,-0.037568658166963316,2.0081790618267323,0.1326450921393663,2.008184218080705,-0.037568658166963316,2.0081842641479697,2.4791248928403276,2.008184863069605,-0.5130775828799559,2.008185231680337,-0.27407178124789905,2.0081853238382075,-0.36517517431669183
2.008162211319314,-0.5130775828799559,2.0081621884095804,-0.34552899752967886,2.008157082748948,-0.4310687359650455,2.0081570598679948,1.201257224637938,2.008155275549037,-0.2764289040144869,2.008153560593741,-0.30078504675435314,2.0081508410109508,0.601185733882116,2.0081491279200105,-0.1703414989512079,2.008148442885244,-0.42815181406014297,2.008145795167426,-0.0021546680034312702,2.008143992965024,-0.5085096063947004,2.0081429667504858,-0.418482402643068,2.0081429439486556,-0.47358159886561785,2.0081429439486556,-0.4638078382663539,2.0081427615386125,-0.5058197149745629,2.008168172216979,-0.5130775828799559,2.0081681951603163,-0.5130775828799559,2.0081681951603163,-0.4505106191019305,2.0081682181037825,-0.48805079736874574,2.0081682410473776,-0.4004570480795102,2.0081682410473776,-0.5005641901243507,2.008168309878936,-0.4630240118575356,2.008168309878936,-0.5130775828799559,2.0081683328230464,-0.037568658166963316,2.0081683328230464,-0.4158485211689045,2.008169204794773,0.07062606480332334,2.008169227743911,-0.4004570480795102,2.0081782337489944,2.475496008941202,2.008179015818014,-0.037568658166963316,2.0081790618267323,0.1326450921393663
2.008162211319314,-0.5130775828799559,2.0081621884095804,-0.34552899752967886,2.008157082748948,-0.4310687359650455,2.0081570598679948,1.201257224637938,2.008155275549037,-0.2764289040144869,2.008153560593741,-0.30078504675435314,2.0081508410109508,0.601185733882116,2.0081491279200105,-0.1703414989512079,2.008148442885244,-0.42815181406014297,2.008148442885244,-0.4906500667985472,2.008145795167426,-0.0021546680034312702,2.008143992965024,-0.5085096063947004,2.0081429667504858,-0.418482402643068,2.0081429439486556,-0.47358159886561785,2.0081429439486556,-0.4638078382663539,2.0081680804449187,-0.5130775828799559,2.0081681033877405,-0.48805079736874574,2.008168126330691,-0.4505106191019305,2.0081681492737706,-0.29461576893834124,2.0081681492737706,-0.4630240118575356,2.008168172216979,-0.5005641901243507,2.0081781877495923,-0.037568658166963316,2.0081782337489944,2.475496008941202,2.0081790618267323,0.1326450921393663,2.008184863069605,-0.5130775828799559,2.008185231680337,-0.27407178124789905,2.0081853238382075,-0.36517517431669183,2.008190534130981,-0.037568658166963316,2.0081905802693765,0.1326450921393663,2.0081912493345313,-0.5130775828799559
2.008162234229177,-0.5130775828799559,2.008162211319314,-0.5130775828799559,2.0081621884095804,-0.34552899752967886,2.008157082748948,-0.4310687359650455,2.0081570598679948,1.201257224637938,2.008155275549037,-0.2764289040144869,2.008153560593741,-0.30078504675435314,2.0081508410109508,0.601185733882116,2.0081491279200105,-0.1703414989512079,2.008148442885244,-0.42815181406014297,2.008148442885244,-0.4906500667985472,2.008145795167426,-0.0021546680034312702,2.008143992965024,-0.5085096063947004,2.0081429667504858,-0.418482402643068,2.0081429439486556,-0.47358159886561785,2.0081679198487756,-0.4659020921913247,2.008167942790695,-0.5005641901243507,2.008167942790695,-0.5130775828799559,2.0081679657327434,-0.5130775828799559,2.0081679657327434,-0.037568658166963316,2.0081679657327434,-0.4505106191019305,2.008168172216979,-0.5005641901243507,2.008169021206307,-0.2865327053476799,2.008178118751459,-0.037568658166963316,2.008178164750085,0.07062606480332334,2.0081782337489944,2.475496008941202,2.0081790618267323,0.1326450921393663,2.008184172013959,-0.36519769842365196,2.008184863069605,-0.5130775828799559,2.008185231680337,-0.27407178124789905
2.008162234229177,-0.5130775828799559,2.0081621884095804,-0.34552899752967886,2.008157082748948,-0.4310687359650455,2.0081570598679948,1.201257224637938,2.008155275549037,-0.2764289040144869,2.008153560593741,-0.30078504675435314,2.0081508410109508,0.601185733882116,2.0081491279200105,-0.1703414989512079,2.008148442885244,-0.42815181406014297,2.008148442885244,-0.4906500667985472,2.008145795167426,-0.0021546680034312702,2.008143992965024,-0.5085096063947004,2.0081429667504858,-0.418482402643068,2.0081429439486556,-0.47358159886561785,2.0081429439486556,-0.4638078382663539,2.008167873965323,-0.5130775828799559,2.008167873965323,-0.4505106191019305,2.008167896906985,-0.48805079736874574,2.0081679198487756,-0.4659020921913247,2.008168172216979,-0.5005641901243507,2.008169021206307,-0.2865327053476799,2.008178118751459,-0.037568658166963316,2.008178164750085,0.07062606480332334,2.0081782337489944,2.475496008941202,2.0081790618267323,0.1326450921393663,2.008184172013959,-0.36519769842365196,2.008184863069605,-0.5130775828799559,2.008185231680337,-0.27407178124789905,2.008190534130981,-0.037568658166963316,2.0081905802693765,0.1326450921393663
2.008162280049288,-0.5130775828799559,2.008162257139168,-0.4755374046131407,2.008162211319314,-0.5005641901243507,2.0081621884095804,-0.34552899752967886,2.008157082748948,-0.4310687359650455,2.0081570598679948,1.201257224637938,2.008155275549037,-0.2764289040144869,2.008153560593741,-0.30078504675435314,2.0081508410109508,0.601185733882116,2.0081491279200105,-0.1703414989512079,2.008148442885244,-0.42815181406014297,2.008148442885244,-0.4906500667985472,2.008145795167426,-0.0021546680034312702,2.008143992965024,-0.5085096063947004,2.0081429667504858,-0.418482402643068,2.008167805141111,-0.5130775828799559,2.008167828082386,-0.48805079736874574,2.00816785102379,-0.29461576893834124,2.00816785102379,-0.4659020921913247,2.0081689982583293,0.07062606480332334,2.008169021206307,-0.2865327053476799,2.0081782337489944,2.475496008941202,2.0081790618267323,0.1326450921393663,2.008184172013959,-0.36519769842365196,2.008184863069605,-0.5130775828799559,2.008185231680337,-0.27407178124789905,2.008190534130981,-0.037568658166963316,2.0081905802693765,0.1326450921393663,2.0081912493345313,-0.5130775828799559,2.008200188367463,-0.11264901470059371
2.008162234229177,-0.5005641901243507,2.0081621884095804,-0.34552899752967886,2.008157082748948,-0.4310687359650455,2.008155275549037,-0.2764289040144869,2.008153560593741,-0.30078504675435314,2.008152760528079,1.4139849014832244,2.0081508410109508,0.601185733882116,2.0081491279200105,-0.1703414989512079,2.008148442885244,-0.42815181406014297,2.008148442885244,-0.4906500667985472,2.008145795167426,-0.0021546680034312702,2.008143992965024,-0.5085096063947004,2.0081429667504858,-0.418482402643068,2.0081429439486556,-0.47358159886561785,2.0081429439486556,-0.4638078382663539,2.008167690436668,-0.5130775828799559,2.008167713377299,-0.48805079736874574,2.008167713377299,-0.5130775828799559,2.008167736318059,-0.29461576893834124,2.008167736318059,-0.44087530668011465,2.008167759258947,-0.5005641901243507,2.008167805141111,-0.037568658166963316,2.0081689982583293,0.07062606480332334,2.008169021206307,-0.2865327053476799,2.0081781877495923,-0.037568658166963316,2.0081782337489944,2.475496008941202,2.0081790618267323,0.1326450921393663,2.008184172013959,-0.36519769842365196,2.008184863069605,-0.5130775828799559,2.008185231680337,-0.27407178124789905
2.008162234229177,-0.5005641901243507,2.0081621884095804,-0.34552899752967886,2.008157082748948,-0.4310687359650455,2.008155275549037,-0.2764289040144869,2.008153560593741,-0.30078504675435314,2.008152760528079,1.4139849014832244,2.0081508410109508,0.601185733882116,2.0081491279200105,-0.1703414989512079,2.008148442885244,-0.42815181406014297,2.008148442885244,-0.4906500667985472,2.008145795167426,-0.0021546680034312702,2.008143992965024,-0.5085096063947004,2.0081429667504858,-0.418482402643068,2.0081429439486556,-0.47358159886561785,2.0081429439486556,-0.4638078382663539,2.008167644555793,-0.5130775828799559,2.008167644555793,-0.4505106191019305,2.008167667496166,-0.29461576893834124,2.008167667496166,-0.48805079736874574,2.008167667496166,-0.5130775828799559,2.008167667496166,-0.5005641901243507,2.008167690436668,-0.037568658166963316,2.008167759258947,-0.5005641901243507,2.0081689982583293,0.07062606480332334,2.008169021206307,-0.2865327053476799,2.0081781877495923,-0.037568658166963316,2.0081790618267323,0.1326450921393663,2.0081793839022524,2.4780862812416125,2.008184172013959,-0.36519769842365196,2.008184863069605,-0.5130775828799559
2.008162211319314,-0.5005641901243507,2.0081621884095804,-0.34552899752967886,2.008155275549037,-0.2764289040144869,2.008155275549037,-0.4310687359650455,2.008153560593741,-0.30078504675435314,2.008152760528079,1.4139849014832244,2.0081508410109508,0.601185733882116,2.0081491279200105,-0.1703414989512079,2.008148442885244,-0.42815181406014297,2.008148442885244,-0.4906500667985472,2.008145795167426,-0.0021546680034312702,2.008143992965024,-0.5085096063947004,2.0081429667504858,-0.418482402643068,2.0081429439486556,-0.47358159886561785,2.0081429439486556,-0.4638078382663539,2.008166360100535,-0.5130775828799559,2.008166360100535,-0.4505106191019305,2.0081663830336933,-0.48805079736874574,2.0081663830336933,-0.4630240118575356,2.0081664059669806,-0.5130775828799559,2.0081664289003966,-0.29461576893834124,2.0081664289003966,-0.44087530668011465,2.0081664977014175,-0.037568658166963316,2.0081665435694087,-0.43799722634632543,2.0081666123723614,-0.5005641901243507,2.008169021206307,-0.2865327053476799,2.008178118751459,-0.5130775828799559,2.008178164750085,2.4788120580214374,2.008178808785188,-0.037568658166963316,2.0081790618267323,0.1326450921393663
2.008162234229177,-0.5005641901243507,2.008162211319314,-0.5005641901243507,2.0081621884095804,-0.34552899752967886,2.008155275549037,-0.2764289040144869,2.008155275549037,-0.4310687359650455,2.008153560593741,-0.30078504675435314,2.008152760528079,1.4139849014832244,2.0081508410109508,0.601185733882116,2.0081491279200105,-0.1703414989512079,2.008148442885244,-0.42815181406014297,2.008148442885244,-0.4906500667985472,2.008145795167426,-0.0021546680034312702,2.008143992965024,-0.5085096063947004,2.0081429667504858,-0.418482402643068,2.0081429439486556,-0.47358159886561785,2.0081660849126806,-0.5130775828799559,2.0081661078442936,-0.48805079736874574,2.0081661078442936,-0.3655510015547137,2.0081661078442936,-0.4505106191019305,2.008166130776035,-0.29461576893834124,2.008166130776035,-0.4630240118575356,2.0081661766399046,-0.5130775828799559,2.008166199572033,-0.037568658166963316,2.0081663371675056,-0.44087530668011465,2.0081663830336933,-0.5005641901243507,2.0081665206353487,-0.5005641901243507,2.0081665435694087,-0.43799722634632543,2.008169021206307,-0.2865327053476799,2.008169021206307,0.07062606480332334,2.008178118751459,-0.5130775828799559
2.008162257139168,-0.5005641901243507,2.0081621884095804,-0.34552899752967886,2.008155275549037,-0.2764289040144869,2.008155275549037,-0.4310687359650455,2.008153560593741,-0.30078504675435314,2.008152760528079,1.4139849014832244,2.0081508410109508,0.601185733882116,2.0081491279200105,-0.1703414989512079,2.008148442885244,-0.42815181406014297,2.008148442885244,-0.4906500667985472,2.008145795167426,-0.0021546680034312702,2.008143992965024,-0.5085096063947004,2.0081429667504858,-0.418482402643068,2.0081429439486556,-0.47358159886561785,2.0081429439486556,-0.4638078382663539,2.0081658785339607,-0.5130775828799559,2.0081659014644146,-0.36555503086718094,2.008165924394997,-0.4505106191019305,2.0081659473257085,-0.3627036666269251,2.0081659702565484,-0.48805079736874574,2.0081659931875175,-0.5130775828799559,2.0081660619811967,-0.44087530668011465,2.0081660849126806,-0.037568658166963316,2.0081663830336933,-0.5005641901243507,2.0081665206353487,-0.5005641901243507,2.0081665435694087,-0.43799722634632543,2.008169021206307,-0.2865327053476799,2.008169021206307,0.07062606480332334,2.008178118751459,-0.5130775828799559,2.008178118751459,-0.037568658166963316
2.0081714544233478,10.257080221642616,2.008155298419981,-0.5130775828799559,2.008155275549037,-0.45925531582115175,2.008155275549037,-0.4310687359650455,2.008153560593741,-0.30078504675435314,2.008152760528079,1.4139849014832244,2.0081508410109508,0.601185733882116,2.0081491279200105,-0.1703414989512079,2.008148442885244,-0.42815181406014297,2.008148442885244,-0.4906500667985472,2.008145795167426,-0.0021546680034312702,2.008143992965024,-0.5085096063947004,2.0081429667504858,-0.418482402643068,2.0081429439486556,-0.47358159886561785,2.0081429439486556,-0.4638078382663539,2.008178118751459,-0.5130775828799559,2.008178118751459,-0.037568658166963316,2.0081781877495923,-0.27407178124789905,2.008178854791577,2.4760841384007155,2.0081790618267323,0.1326450921393663,2.008182675126975,-0.3652269672493073,2.008184863069605,-0.5130775828799559,2.008190534130981,-0.037568658166963316,2.0081905802693765,0.1326450921393663,2.0081912493345313,-0.5130775828799559,2.008200165244045,0.1488808938915522,2.008200211491012,-0.5130775828799559,2.0082017610658904,0.2377259824563481,2.0082017841983095,0.2377259824563481,2.008201922995563,1.2262840101491483
2.0081718447911516,-0.4630240118575356,2.008171821827307,-0.36555682028234504,2.008171821827307,-0.4630240118575356,2.0081717988635917,-0.037568658166963316,2.008171752936548,-0.5005641901243507,2.008171752936548,-0.5130775828799559,2.0081714544233478,10.257080221642616,2.008165763883624,0.1651483044738388,2.0081657409539426,-0.5130775828799559,2.0081654199519283,-0.44087530668011465,2.008165397024179,-0.34900658199699625,2.008155275549037,-0.45925531582115175,2.008153560593741,-0.30078504675435314,2.008152760528079,1.4139849014832244,2.0081508410109508,0.601185733882116,2.008177957760342,-0.5130775828799559,2.008177980758685,-0.38556683647712003,2.008177980758685,-0.4630240118575356,2.008177980758685,-0.5005641901243507,2.0081780037571573,-0.5005641901243507,2.0081780037571573,-0.48805079736874574,2.00817809575234,-0.5130775828799559,2.008178118751459,-0.5130775828799559,2.0081781877495923,-0.27407178124789905,2.008178969809814,2.4758338705456033,2.0081790618267323,0.1326450921393663,2.008184863069605,-0.5130775828799559,2.008190534130981,-0.037568658166963316,2.0081905802693765,0.1326450921393663,2.0081912493345313,-0.5130775828799559
2.0081722122302157,-0.5005641901243507,2.008172189264306,-0.36555682028234504,2.0081721662985257,-0.4630240118575356,2.0081721433328745,-0.037568658166963316,2.008172120367352,-0.5130775828799559,2.0081714544233478,10.257080221642616,2.008165763883624,0.1651483044738388,2.0081657409539426,-0.5130775828799559,2.0081654199519283,-0.44087530668011465,2.008165397024179,-0.34900658199699625,2.008155275549037,-0.45925531582115175,2.008153560593741,-0.30078504675435314,2.008152760528079,1.4139849014832244,2.0081508410109508,0.601185733882116,2.008148442885244,-0.42815181406014297,2.0081778887660895,-0.5130775828799559,2.0081778887660895,-0.48805079736874574,2.008177911764044,-0.31075616858415844,2.008177911764044,-0.5130775828799559,2.0081779347621285,-0.5005641901243507,2.008178118751459,-0.5130775828799559,2.0081781877495923,-0.27407178124789905,2.008178969809814,2.4758338705456033,2.0081790618267323,0.1326450921393663,2.008184863069605,-0.5130775828799559,2.008190534130981,-0.037568658166963316,2.0081905802693765,0.1326450921393663,2.0081912493345313,-0.5130775828799559,2.008194111398212,-0.3649962578270722,2.008200211491012,-0.5130775828799559
2.008172258162422,-0.4630240118575356,2.0081722351962545,-0.5005641901243507,2.0081722351962545,-0.037568658166963316,2.0081714544233478,10.257080221642616,2.008165763883624,0.1651483044738388,2.0081657409539426,-0.5130775828799559,2.0081654199519283,-0.44087530668011465,2.008165397024179,-0.34900658199699625,2.008155275549037,-0.45925531582115175,2.008153560593741,-0.30078504675435314,2.008152760528079,1.4139849014832244,2.0081508410109508,0.601185733882116,2.008148442885244,-0.42815181406014297,2.008148442885244,-0.4906500667985472,2.008145795167426,-0.0021546680034312702,2.0081778887660895,-0.5130775828799559,2.0081778887660895,-0.48805079736874574,2.008177911764044,-0.30378873652462307,2.00817809575234,-0.5130775828799559,2.008178118751459,-0.5130775828799559,2.0081781877495923,-0.27407178124789905,2.008178969809814,2.4758338705456033,2.0081790618267323,0.1326450921393663,2.008184863069605,-0.5130775828799559,2.008190534130981,-0.037568658166963316,2.0081905802693765,0.1326450921393663,2.0081912493345313,-0.5130775828799559,2.008194111398212,-0.3649962578270722,2.008200211491012,-0.5130775828799559,2.0082013909649326,-0.037568658166963316
2.0081723270617,-0.5005641901243507,2.0081723270617,-0.5130775828799559,2.0081723270617,-0.037568658166963316,2.008172304095145,-0.4630240118575356,2.008172281128719,-0.36555682028234504,2.0081714544233478,10.257080221642616,2.008165763883624,0.1651483044738388,2.0081657409539426,-0.5130775828799559,2.0081654199519283,-0.44087530668011465,2.008165397024179,-0.34900658199699625,2.008155275549037,-0.45925531582115175,2.008153560593741,-0.30078504675435314,2.008152760528079,1.4139849014832244,2.0081508410109508,0.601185733882116,2.008148442885244,-0.42815181406014297,2.0081760263612183,-0.48805079736874574,2.0081760493486995,-0.4630240118575356,2.0081778427705674,-0.5130775828799559,2.0081778657682636,-0.5005641901243507,2.00817809575234,-0.5130775828799559,2.008178118751459,-0.5130775828799559,2.0081781877495923,-0.27407178124789905,2.008178969809814,2.4758338705456033,2.0081790618267323,0.1326450921393663,2.008184863069605,-0.5130775828799559,2.008190534130981,-0.037568658166963316,2.0081905802693765,0.1326450921393663,2.0081912493345313,-0.5130775828799559,2.008192172362405,-0.36503418592051445,2.008200211491012,-0.5130775828799559
2.0081723959621396,-0.4630240118575356,2.008172372995197,-0.36555682028234504,2.008172372995197,-0.4630240118575356,2.0081714773851274,-0.5130775828799559,2.0081714544233478,10.257080221642616,2.0081657409539426,-0.5130775828799559,2.0081657409539426,0.1651483044738388,2.0081654199519283,-0.44087530668011465,2.008165397024179,-0.34900658199699625,2.008155275549037,-0.45925531582115175,2.008153560593741,-0.30078504675435314,2.008152760528079,1.4139849014832244,2.0081508410109508,0.601185733882116,2.008148442885244,-0.42815181406014297,2.008148442885244,-0.4906500667985472,2.0081760033738667,-0.5005641901243507,2.0081760263612183,-0.48805079736874574,2.0081760263612183,-0.5130775828799559,2.0081760493486995,-0.4630240118575356,2.008177773778255,-0.5130775828799559,2.008177773778255,-0.4630240118575356,2.008177796775563,-0.5005641901243507,2.008177819773001,-0.4004570480795102,2.0081778657682636,-0.5005641901243507,2.008178118751459,-0.5130775828799559,2.0081781877495923,-0.27407178124789905,2.008178969809814,2.4758338705456033,2.008179015818014,-0.037568658166963316,2.0081790618267323,0.1326450921393663,2.008184863069605,-0.5130775828799559
2.008172510798787,-0.4630240118575356,2.008172510798787,-0.5005641901243507,2.0081724878311995,-0.36555682028234504,2.0081724878311995,-0.4630240118575356,2.008172441896411,-0.037568658166963316,2.0081714773851274,-0.5130775828799559,2.0081714544233478,10.257080221642616,2.0081657409539426,-0.5130775828799559,2.0081657409539426,0.1651483044738388,2.0081654199519283,-0.44087530668011465,2.008165397024179,-0.34900658199699625,2.008155275549037,-0.45925531582115175,2.008153560593741,-0.30078504675435314,2.008152760528079,1.4139849014832244,2.0081508410109508,0.601185733882116,2.0081760033738667,-0.5005641901243507,2.0081760263612183,-0.48805079736874574,2.0081760263612183,-0.5130775828799559,2.0081760493486995,-0.4630240118575356,2.008177796775563,-0.5130775828799559,2.008177819773001,-0.4004570480795102,2.0081778657682636,-0.5005641901243507,2.008178118751459,-0.5130775828799559,2.0081781877495923,-0.27407178124789905,2.008178969809814,2.4758338705456033,2.008179015818014,-0.037568658166963316,2.0081790618267323,0.1326450921393663,2.008184863069605,-0.5130775828799559,2.008190534130981,-0.037568658166963316,2.0081905802693765,0.1326450921393663
2.0081726026704287,-0.4630240118575356,2.0081726026704287,-0.5005641901243507,2.008172579702325,-0.36555682028234504,2.00817255673435,-0.037568658166963316,2.0081714773851274,-0.5130775828799559,2.0081714544233478,10.257080221642616,2.0081657409539426,-0.5130775828799559,2.0081657409539426,0.1651483044738388,2.0081654199519283,-0.44087530668011465,2.008165397024179,-0.34900658199699625,2.008155275549037,-0.45925531582115175,2.008153560593741,-0.30078504675435314,2.008152760528079,1.4139849014832244,2.0081508410109508,0.601185733882116,2.008148442885244,-0.42815181406014297,2.0081760033738667,-0.5005641901243507,2.0081760263612183,-0.48805079736874574,2.0081760263612183,-0.5130775828799559,2.0081760493486995,-0.4630240118575356,2.008177796775563,-0.5130775828799559,2.008177796775563,-0.5005641901243507,2.008177819773001,-0.4004570480795102,2.008178118751459,-0.5130775828799559,2.0081781877495923,-0.27407178124789905,2.008178969809814,2.4758338705456033,2.0081790618267323,0.1326450921393663,2.008184863069605,-0.5130775828799559,2.008190534130981,-0.037568658166963316,2.0081905802693765,0.1326450921393663,2.0081912493345313,-0.5130775828799559
2.008172694544136,-0.5005641901243507,2.0081726715755157,-0.4630240118575356,2.008172648607024,-0.037568658166963316,2.008172579702325,-0.36555682028234504,2.0081714773851274,-0.5130775828799559,2.0081714544233478,10.257080221642616,2.0081657409539426,-0.5130775828799559,2.0081657409539426,0.1651483044738388,2.0081654199519283,-0.44087530668011465,2.008165397024179,-0.34900658199699625,2.008155275549037,-0.45925531582115175,2.008152760528079,1.4139849014832244,2.0081508410109508,0.601185733882116,2.008148442885244,-0.4906500667985472,2.008143992965024,-0.5085096063947004,2.0081760033738667,-0.5005641901243507,2.0081760263612183,-0.48805079736874574,2.0081760263612183,-0.5130775828799559,2.0081760493486995,-0.4630240118575356,2.008177796775563,-0.5130775828799559,2.008177796775563,-0.5005641901243507,2.008178118751459,-0.5130775828799559,2.0081781877495923,-0.27407178124789905,2.008178969809814,2.4758338705456033,2.0081790618267323,0.1326450921393663,2.008184863069605,-0.5130775828799559,2.0081905802693765,0.1326450921393663,2.0081912493345313,-0.5130775828799559,2.008192172362405,-0.36503418592051445,2.0082001421207574,-0.037568658166963316
2.0081728093891753,-0.4630240118575356,2.0081727864199093,-0.36555682028234504,2.0081727864199093,-0.4630240118575356,2.0081727175128856,-0.5005641901243507,2.0081714773851274,-0.5130775828799559,2.0081714544233478,10.257080221642616,2.0081657409539426,-0.5130775828799559,2.0081657409539426,0.1651483044738388,2.0081654199519283,-0.44087530668011465,2.008165397024179,-0.34900658199699625,2.008155275549037,-0.45925531582115175,2.008152760528079,1.4139849014832244,2.0081508410109508,0.601185733882116,2.008148442885244,-0.4906500667985472,2.008143992965024,-0.5085096063947004,2.0081759344125865,-0.5005641901243507,2.0081759344125865,-0.48805079736874574,2.0081760263612183,-0.5130775828799559,2.0081760493486995,-0.4630240118575356,2.00817809575234,-0.5130775828799559,2.00817809575234,-0.5005641901243507,2.008178118751459,-0.5130775828799559,2.0081781877495923,-0.27407178124789905,2.008178969809814,2.4758338705456033,2.0081790618267323,0.1326450921393663,2.008184863069605,-0.5130775828799559,2.008190534130981,-0.037568658166963316,2.0081905802693765,0.1326450921393663,2.0081912493345313,-0.5130775828799559,2.008192172362405,-0.36503418592051445
2.0081729012675305,-0.4755374046131407,2.008172878297748,-0.36555682028234504,2.0081714773851274,-0.5130775828799559,2.0081714544233478,10.257080221642616,2.0081657409539426,-0.5130775828799559,2.0081657409539426,0.1651483044738388,2.0081654199519283,-0.44087530668011465,2.008165397024179,-0.34900658199699625,2.008155275549037,-0.45925531582115175,2.008152760528079,1.4139849014832244,2.0081508410109508,0.601185733882116,2.008148442885244,-0.4906500667985472,2.008143992965024,-0.5085096063947004,2.008142579136741,-0.4630240118575356,2.008141507690757,-0.34900658199699625,2.0081760033738667,-0.5005641901243507,2.0081760263612183,-0.48805079736874574,2.0081760263612183,-0.5130775828799559,2.0081760493486995,-0.4630240118575356,2.00817809575234,-0.5130775828799559,2.00817809575234,-0.5005641901243507,2.008178118751459,-0.5130775828799559,2.0081781877495923,-0.27407178124789905,2.008178969809814,2.4758338705456033,2.0081790618267323,0.1326450921393663,2.008184863069605,-0.5130775828799559,2.008190534130981,-0.037568658166963316,2.0081905802693765,0.1326450921393663,2.0081912493345313,-0.5130775828799559,2.008192172362405,-0.36503418592051445
2.0081715233090733,-0.5130775828799559,2.0081715233090733,-0.4755374046131407,2.0081715003470357,-0.36555682028234504,2.0081714544233478,10.257080221642616,2.0081657409539426,-0.5130775828799559,2.0081657409539426,0.1651483044738388,2.0081654199519283,-0.44087530668011465,2.008165397024179,-0.34900658199699625,2.008155275549037,-0.45925531582115175,2.008152760528079,1.4139849014832244,2.0081508410109508,0.601185733882116,2.008148442885244,-0.4906500667985472,2.008143992965024,-0.5085096063947004,2.008142579136741,-0.4630240118575356,2.008141507690757,-0.34900658199699625,2.008178118751459,-0.5130775828799559,2.0081781877495923,-0.27407178124789905,2.008178969809814,2.4758338705456033,2.0081790618267323,0.1326450921393663,2.008184863069605,-0.5130775828799559,2.008190534130981,-0.037568658166963316,2.0081905802693765,0.1326450921393663,2.0081912493345313,-0.5130775828799559,2.008192172362405,-0.36503418592051445,2.008200211491012,-0.5130775828799559,2.0082018535963493,-0.037568658166963316,2.00820187672929,0.1488808938915522,2.0082018998623616,0.2377259824563481,2.008201922995563,1.2262840101491483,2.0082021312002527,0.1326450921393663
2.008173176914991,-0.4505106191019305,2.0081731539436594,-0.36555682028234504,2.0081731080013827,-0.38116439966462856,2.0081730390889367,-0.5130775828799559,2.0081714773851274,-0.5130775828799559,2.0081714544233478,10.257080221642616,2.0081657409539426,-0.5130775828799559,2.0081657409539426,0.1651483044738388,2.0081654199519283,-0.4158485211689045,2.008165397024179,-0.34900658199699625,2.008155275549037,-0.45925531582115175,2.008152760528079,1.4139849014832244,2.0081508410109508,0.601185733882116,2.008148442885244,-0.4906500667985472,2.008143992965024,-0.5085096063947004,2.008178164750085,-0.48805079736874574,2.008178164750085,-0.4630240118575356,2.0081781877495923,-0.27407178124789905,2.0081789468059075,-0.5130775828799559,2.008178969809814,2.4758338705456033,2.0081790618267323,0.1326450921393663,2.008184863069605,-0.5130775828799559,2.008190534130981,-0.037568658166963316,2.0081905802693765,0.1326450921393663,2.0081912493345313,-0.5130775828799559,2.0081942961161627,-0.36499265396995867,2.008200211491012,-0.5130775828799559,2.0082017841983095,-0.037568658166963316,2.008201830463539,0.2377259824563481,2.00820187672929,0.1488808938915522
2.008173498527196,-0.38116439966462856,2.0081734755540563,-0.05008205092256839,2.0081734525810457,-0.36555682028234504,2.0081729931479515,-0.5130775828799559,2.0081714773851274,-0.5130775828799559,2.0081714544233478,10.257080221642616,2.008165763883624,0.1651483044738388,2.0081657409539426,-0.5130775828799559,2.0081654199519283,-0.4158485211689045,2.008165397024179,-0.34900658199699625,2.008152760528079,1.4139849014832244,2.0081508410109508,0.601185733882116,2.0081499729548695,-0.34900658199699625,2.008148442885244,-0.4906500667985472,2.008143992965024,-0.5085096063947004,2.0081737512402573,-0.4630240118575356,2.008174532452163,-0.48805079736874574,2.008178118751459,-0.5130775828799559,2.008178141750707,-0.5005641901243507,2.0081781877495923,-0.27407178124789905,2.008178969809814,2.4758338705456033,2.0081790618267323,0.1326450921393663,2.008184863069605,-0.5130775828799559,2.008184886106803,-0.037568658166963316,2.0081849321815883,0.24128462868193631,2.0081898651826524,-0.36507930921479115,2.0081912493345313,-0.5130775828799559,2.008194734854676,-0.037568658166963316,2.00819478104041,0.24128462868193631,2.008200165244045,0.2377259824563481
2.008173613394832,-0.4505106191019305,2.0081735904210465,-0.38116439966462856,2.008173314745694,-0.4630240118575356,2.0081730390889367,-0.5130775828799559,2.0081714773851274,-0.5130775828799559,2.0081714544233478,10.257080221642616,2.0081657409539426,-0.5130775828799559,2.0081657409539426,0.1651483044738388,2.0081654199519283,-0.4158485211689045,2.008165397024179,-0.34900658199699625,2.008152760528079,1.4139849014832244,2.0081508410109508,0.601185733882116,2.0081499729548695,-0.34900658199699625,2.008148442885244,-0.4906500667985472,2.008143992965024,-0.5085096063947004,2.0081737512402573,-0.4630240118575356,2.008174578410455,-0.48805079736874574,2.008178118751459,-0.5130775828799559,2.008178118751459,-0.5005641901243507,2.008178141750707,-0.5005641901243507,2.008178141750707,-0.4630240118575356,2.0081781877495923,-0.27407178124789905,2.0081781877495923,-0.062182501717238506,2.0081790618267323,0.1326450921393663,2.008184793958789,2.4693143929199333,2.008184863069605,-0.5130775828799559,2.0081849321815883,0.24128462868193631,2.008189819052313,-0.037568658166963316,2.0081898651826524,-0.36507930921479115,2.0081912493345313,-0.5130775828799559
2.0081737512402573,-0.4505106191019305,2.008173728265697,-0.36555682028234504,2.0081737052912656,-0.38116439966462856,2.0081736593427904,-0.05008205092256839,2.0081730850304385,-0.5130775828799559,2.0081714773851274,-0.5130775828799559,2.0081714544233478,10.257080221642616,2.0081657409539426,-0.5130775828799559,2.0081657409539426,0.1651483044738388,2.0081654199519283,-0.4158485211689045,2.008165397024179,-0.34900658199699625,2.008152760528079,1.4139849014832244,2.0081508410109508,0.601185733882116,2.0081499729548695,-0.34900658199699625,2.008148442885244,-0.4906500667985472,2.00817807275335,-0.48805079736874574,2.00817809575234,2.4705657321954937,2.008178164750085,-0.5130775828799559,2.0081781877495923,-0.062182501717238506,2.0081781877495923,0.04221673404277456,2.0081790618267323,0.1326450921393663,2.008184863069605,-0.5130775828799559,2.0081849321815883,0.24128462868193631,2.0081912493345313,-0.5130775828799559,2.0081942268459554,-0.3649940054163762,2.008194734854676,-0.037568658166963316,2.00819478104041,0.24128462868193631,2.0082000958745736,0.2377259824563481,2.008200211491012,-0.5130775828799559,2.00820187672929,0.1488808938915522
2.0081738661149964,-0.5130775828799559,2.00817384313979,-0.4505106191019305,2.00817384313979,-0.5130775828799559,2.0081738201647132,-0.36555682028234504,2.0081737742149466,-0.05008205092256839,2.0081714544233478,10.257080221642616,2.0081657409539426,-0.5130775828799559,2.0081657409539426,0.1651483044738388,2.0081654199519283,-0.4158485211689045,2.008165397024179,-0.34900658199699625,2.008152760528079,1.4139849014832244,2.0081508410109508,0.601185733882116,2.0081499729548695,-0.34900658199699625,2.008148442885244,-0.4906500667985472,2.008143992965024,-0.5085096063947004,2.00817804975449,-0.5005641901243507,2.00817804975449,-0.48805079736874574,2.00817807275335,-0.5130775828799559,2.00817807275335,-0.4630240118575356,2.00817809575234,2.4705657321954937,2.00817809575234,0.6640322468543015,2.008179038822308,-0.5005641901243507,2.0081790618267323,0.1326450921393663,2.008184863069605,-0.5130775828799559,2.008184886106803,-0.037568658166963316,2.0081849321815883,0.24128462868193631,2.0081912493345313,-0.5130775828799559,2.0081942268459554,-0.3649940054163762,2.008194734854676,-0.037568658166963316,2.00819478104041,0.24128462868193631
2.0081739580171125,-0.5130775828799559,2.0081739580171125,-0.4505106191019305,2.00817393504139,-0.36555682028234504,2.008173912065796,-0.5130775828799559,2.0081738661149964,-0.05008205092256839,2.0081715003470357,-0.38116439966462856,2.0081714544233478,10.257080221642616,2.0081657409539426,-0.5130775828799559,2.0081657409539426,0.1651483044738388,2.0081654199519283,-0.4158485211689045,2.008165397024179,-0.34900658199699625,2.008152760528079,1.4139849014832244,2.0081508410109508,0.601185733882116,2.0081499729548695,-0.34900658199699625,2.008148442885244,-0.4906500667985472,2.00817804975449,-0.5005641901243507,2.00817804975449,-0.48805079736874574,2.00817807275335,-0.5130775828799559,2.00817809575234,2.4705657321954937,2.00817809575234,0.6640322468543015,2.008179038822308,-0.5005641901243507,2.0081790618267323,0.1326450921393663,2.008184863069605,-0.5130775828799559,2.008184886106803,-0.037568658166963316,2.0081849321815883,0.24128462868193631,2.0081912493345313,-0.5130775828799559,2.0081942268459554,-0.3649940054163762,2.008194734854676,-0.037568658166963316,2.00819478104041,0.24128462868193631,2.008200049628911,0.2377259824563481
2.0081739580171125,-0.4505106191019305,2.0081739580171125,-0.5130775828799559,2.00817393504139,-0.36555682028234504,2.0081716151585147,-0.05008205092256839,2.0081714773851274,-0.38116439966462856,2.0081714544233478,10.257080221642616,2.0081657409539426,-0.5130775828799559,2.0081657409539426,0.1651483044738388,2.0081654199519283,-0.4158485211689045,2.008165397024179,-0.34900658199699625,2.008152760528079,1.4139849014832244,2.0081508410109508,0.601185733882116,2.0081499729548695,-0.34900658199699625,2.008148442885244,-0.4906500667985472,2.008143992965024,-0.5085096063947004,2.008177980758685,-0.48805079736874574,2.008177980758685,-0.5130775828799559,2.0081780037571573,2.4686386697111304,2.00817804975449,-0.5005641901243507,2.00817809575234,0.6640322468543015,2.008179038822308,-0.5005641901243507,2.0081790618267323,0.1326450921393663,2.008184863069605,-0.5130775828799559,2.008184886106803,-0.037568658166963316,2.0081849321815883,0.24128462868193631,2.0081912493345313,-0.5130775828799559,2.0081942268459554,-0.3649940054163762,2.008194734854676,-0.037568658166963316,2.00819478104041,0.24128462868193631,2.0082000265062754,0.2377259824563481
2.0081717759000055,-0.4505106191019305,2.0081717759000055,-0.48805079736874574,2.008171752936548,-0.36555682028234504,2.00817172997322,-0.05008205092256839,2.00817172997322,-0.38116439966462856,2.0081716381211976,-0.5130775828799559,2.0081714544233478,10.257080221642616,2.0081657409539426,-0.5130775828799559,2.0081657409539426,0.1651483044738388,2.0081654199519283,-0.4158485211689045,2.008165397024179,-0.34900658199699625,2.008152760528079,1.4139849014832244,2.0081508410109508,0.601185733882116,2.0081499729548695,-0.34900658199699625,2.008148442885244,-0.4906500667985472,2.0081770379326827,-0.48805079736874574,2.0081770379326827,-0.5130775828799559,2.0081770609258527,-0.18682840695582054,2.0081770609258527,-0.23760775475806592,2.0081770609258527,0.037286457297066165,2.00817804975449,-0.5005641901243507,2.008178969809814,2.4719797455768773,2.0081790618267323,0.1326450921393663,2.008184863069605,-0.5130775828799559,2.008184886106803,-0.037568658166963316,2.0081849321815883,0.24128462868193631,2.0081912493345313,-0.5130775828799559,2.0081942268459554,-0.3649940054163762,2.008194734854676,-0.037568658166963316,2.00819478104041,0.24128462868193631
2.008171913683459,-0.4505106191019305,2.0081718907192276,-0.05008205092256839,2.008171821827307,-0.38116439966462856,2.0081714773851274,-0.5130775828799559,2.0081714544233478,10.257080221642616,2.0081657409539426,-0.5130775828799559,2.0081654199519283,-0.4158485211689045,2.008165397024179,-0.34900658199699625,2.008152783384919,0.1651483044738388,2.008152760528079,1.4139849014832244,2.0081508410109508,0.601185733882116,2.0081499729548695,-0.34900658199699625,2.008148442885244,-0.4906500667985472,2.008143992965024,-0.5085096063947004,2.008142579136741,-0.4630240118575356,2.0081770149396423,-0.5005641901243507,2.0081770379326827,-0.48805079736874574,2.0081770379326827,-0.5130775828799559,2.0081770379326827,-0.5005641901243507,2.0081770609258527,-0.18682840695582054,2.0081770609258527,-0.23760775475806592,2.0081770609258527,0.037286457297066165,2.008178923802131,-0.037568658166963316,2.008178969809814,2.4719797455768773,2.0081790618267323,0.1326450921393663,2.008184863069605,-0.5130775828799559,2.008184886106803,-0.037568658166963316,2.0081849321815883,0.24128462868193631,2.0081912493345313,-0.5130775828799559,2.0081942268459554,-0.3649940054163762
2.0081719825769286,-0.5130775828799559,2.0081714544233478,9.268272451657198,2.0081657409539426,-0.5130775828799559,2.0081654199519283,-0.4158485211689045,2.008165397024179,-0.34900658199699625,2.008152783384919,0.1651483044738388,2.008152760528079,1.4139849014832244,2.0081508410109508,0.601185733882116,2.0081499729548695,-0.34900658199699625,2.008148442885244,-0.4906500667985472,2.008143992965024,-0.5085096063947004,2.008142579136741,-0.4630240118575356,2.008141507690757,-0.34900658199699625,2.008139433990254,-0.3161581501831821,2.008139433990254,-0.3103606202391538,2.00817607233631,-0.48805079736874574,2.00817607233631,-0.5130775828799559,2.00817607233631,-0.4505106191019305,2.0081760953240493,-0.13885205913083074,2.0081760953240493,-0.30920938810563814,2.0081770149396423,-0.5005641901243507,2.008178785782188,-0.037568658166963316,2.008178831788318,2.4705782455882495,2.0081790618267323,0.1326450921393663,2.008184863069605,-0.5130775828799559,2.008184886106803,-0.037568658166963316,2.0081849321815883,0.24128462868193631,2.0081912493345313,-0.5130775828799559,2.0081921954407673,-0.3650337354383753,2.00819478104041,0.24128462868193631
2.0081714544233478,9.268272451657198,2.0081657409539426,-0.5130775828799559,2.0081654428798066,-0.5130775828799559,2.0081574946280596,-0.34900658199699625,2.008152783384919,0.1651483044738388,2.008152760528079,1.4139849014832244,2.0081508410109508,0.601185733882116,2.0081499729548695,-0.34900658199699625,2.008148442885244,-0.4906500667985472,2.008143992965024,-0.5085096063947004,2.008142579136741,-0.4630240118575356,2.008139433990254,-0.3161581501831821,2.008139433990254,-0.3103606202391538,2.008139433990254,0.19061867724484238,2.0081347208235427,-0.34900658199699625,2.008175061003722,-0.48805079736874574,2.008175061003722,-0.4505106191019305,2.0081750839857753,-0.4630240118575356,2.008175129950269,-0.5048187436612565,2.008175129950269,-0.19068253192454693,2.008175129950269,0.3083640845617387,2.008175750521527,2.472617928607413,2.0081758884390464,-0.5130775828799559,2.0081759344125865,-0.037568658166963316,2.008178647766903,-0.037568658166963316,2.0081790618267323,0.1326450921393663,2.00818472484914,-0.037568658166963316,2.008184863069605,-0.5130775828799559,2.0081849321815883,0.24128462868193631,2.0081912262614994,-0.11264901470059371
2.0081714773851274,-0.4630240118575356,2.0081714544233478,9.268272451657198,2.0081657868134335,-0.5130775828799559,2.0081657409539426,-0.5130775828799559,2.008157517511452,-0.4158485211689045,2.008157517511452,0.1651483044738388,2.0081574946280596,-0.34900658199699625,2.008152760528079,1.4139849014832244,2.0081508410109508,0.601185733882116,2.008148442885244,-0.4906500667985472,2.008145407284369,-0.34900658199699625,2.008143992965024,-0.5085096063947004,2.008142579136741,-0.4630240118575356,2.008139433990254,-0.3161581501831821,2.008139433990254,-0.3103606202391538,2.0081731080013827,-0.4630240118575356,2.008173130972456,-0.149838817970252,2.008173130972456,-0.3025022095886338,2.0081732228580425,-0.48805079736874574,2.008174026945056,0.24100824537614338,2.008175635593816,-0.5130775828799559,2.0081757045500552,-0.037568658166963316,2.008175750521527,2.472617928607413,2.008184863069605,-0.5130775828799559,2.008184886106803,-0.037568658166963316,2.0081849321815883,0.24128462868193631,2.0081892424669108,-0.3651585690445052,2.008191180115826,-0.037568658166963316,2.0081912262614994,-0.11264901470059371,2.0081912493345313,-0.5130775828799559
2.0081714544233478,9.268272451657198,2.0081711329719827,-0.4630240118575356,2.00817085746237,-0.48805079736874574,2.0081657868134335,-0.5130775828799559,2.0081657409539426,-0.5130775828799559,2.008157517511452,-0.4158485211689045,2.008157517511452,0.1651483044738388,2.0081574946280596,-0.34900658199699625,2.008152760528079,1.4139849014832244,2.0081508410109508,0.601185733882116,2.008148442885244,-0.4906500667985472,2.008145407284369,-0.34900658199699625,2.008143992965024,-0.5085096063947004,2.008142579136741,-0.4630240118575356,2.008139433990254,-0.3161581501831821,2.0081715003470357,0.005677627196407765,2.0081715003470357,0.1327761574150884,2.0081738661149964,-0.5130775828799559,2.0081738661149964,-0.48805079736874574,2.0081738661149964,-0.4505106191019305,2.008173889090332,-0.037568658166963316,2.00817393504139,2.4749454196599556,2.008174026945056,0.24100824537614338,2.0081847709221097,-0.5005641901243507,2.008184863069605,-0.5130775828799559,2.0081849321815883,0.24128462868193631,2.008189219405183,-0.11264901470059371,2.0081912262614994,-0.11264901470059371,2.0081912493345313,-0.5130775828799559,2.008194711762004,-0.037568658166963316
2.0081714544233478,9.268272451657198,2.0081657868134335,-0.5130775828799559,2.0081657409539426,-0.5130775828799559,2.008157517511452,-0.4158485211689045,2.008157517511452,0.1651483044738388,2.0081574946280596,-0.34900658199699625,2.0081508410109508,0.601185733882116,2.008148442885244,-0.4906500667985472,2.0081467308020944,1.539118829039275,2.008145407284369,-0.34900658199699625,2.008143992965024,-0.5085096063947004,2.008142579136741,-0.4630240118575356,2.008139433990254,-0.3161581501831821,2.008139433990254,-0.3103606202391538,2.008139433990254,0.19061867724484238,2.008173728265697,-0.48805079736874574,2.0081737512402573,-0.037568658166963316,2.0081737512402573,0.6640447602470573,2.0081737971897655,2.469214285777888,2.008174026945056,0.24100824537614338,2.0081846557406577,-0.5005641901243507,2.008184678776689,-0.5130775828799559,2.008184863069605,-0.5130775828799559,2.0081849321815883,0.24128462868193631,2.008189888248017,-0.3651459430312148,2.0081912493345313,-0.5130775828799559,2.008194711762004,-0.037568658166963316,2.00819478104041,0.24128462868193631,2.008195843456008,0.2377259824563481,2.0081958665550586,1.313877759438384
2.0081715003470357,-0.48805079736874574,2.0081714773851274,-0.4630240118575356,2.0081714544233478,9.268272451657198,2.0081657868134335,-0.5130775828799559,2.0081657409539426,-0.5130775828799559,2.008157517511452,-0.4158485211689045,2.008157517511452,0.1651483044738388,2.0081574946280596,-0.34900658199699625,2.0081508410109508,0.601185733882116,2.008148442885244,-0.4906500667985472,2.0081467308020944,1.539118829039275,2.008145407284369,-0.34900658199699625,2.008143992965024,-0.5085096063947004,2.008142579136741,-0.4630240118575356,2.008139433990254,-0.3161581501831821,2.0081737512402573,0.6640447602470573,2.0081737971897655,2.469214285777888,2.008174026945056,0.24100824537614338,2.008184840032537,-0.5130775828799559,2.008184840032537,-0.5005641901243507,2.008184863069605,-0.5130775828799559,2.008184886106803,-0.037568658166963316,2.0081849321815883,0.24128462868193631,2.008189888248017,-0.3651459430312148,2.0081912493345313,-0.5130775828799559,2.008194711762004,-0.037568658166963316,2.00819478104041,0.24128462868193631,2.0081958203570873,0.22521258970074304,2.0081958665550586,1.313877759438384,2.0081996103211326,0.22521258970074304
2.00817154627124,-0.5005641901243507,2.0081715003470357,-0.48805079736874574,2.0081714773851274,-0.4630240118575356,2.0081714544233478,9.268272451657198,2.0081657868134335,-0.5130775828799559,2.0081657409539426,-0.5130775828799559,2.008157517511452,-0.4158485211689045,2.008157517511452,0.1651483044738388,2.0081574946280596,-0.34900658199699625,2.0081508410109508,0.601185733882116,2.008148442885244,-0.4906500667985472,2.0081467308020944,1.539118829039275,2.008145407284369,-0.34900658199699625,2.008143992965024,-0.5085096063947004,2.008142579136741,-0.4630240118575356,2.008172878297748,-0.09264009968438121,2.008172878297748,-0.11985672892782229,2.008174026945056,0.24100824537614338,2.0081845866333428,-0.2753231205234596,2.0081845866333428,-0.5130775828799559,2.008184609668985,2.4732561116379492,2.0081847709221097,-0.5005641901243507,2.008184863069605,-0.5130775828799559,2.008184886106803,-0.037568658166963316,2.0081849321815883,0.24128462868193631,2.008189888248017,-0.3651459430312148,2.0081912493345313,-0.5130775828799559,2.008194711762004,-0.037568658166963316,2.00819478104041,0.24128462868193631,2.0081957972582973,0.2377259824563481
2.008171569233536,-0.48805079736874574,2.00817154627124,-0.5005641901243507,2.0081714773851274,-0.4630240118575356,2.0081714544233478,9.268272451657198,2.0081657868134335,-0.5130775828799559,2.0081657409539426,-0.5130775828799559,2.008157517511452,-0.4158485211689045,2.008157517511452,0.1651483044738388,2.0081574946280596,-0.34900658199699625,2.0081508410109508,0.601185733882116,2.008148442885244,-0.4906500667985472,2.0081467308020944,1.539118829039275,2.008145407284369,-0.34900658199699625,2.008143992965024,-0.5085096063947004,2.008142579136741,-0.4630240118575356,2.00817393504139,2.472004772362388,2.008174026945056,0.24100824537614338,2.008184517527195,-0.5130775828799559,2.008184540562448,-0.2753231205234596,2.0081845635978306,-0.037568658166963316,2.008184863069605,-0.5130775828799559,2.0081849321815883,0.24128462868193631,2.008189888248017,-0.3651459430312148,2.0081912493345313,-0.5130775828799559,2.008194711762004,-0.037568658166963316,2.00819478104041,0.24128462868193631,2.0081957972582973,0.2377259824563481,2.0081958665550586,1.313877759438384,2.0081995872009744,0.2377259824563481,2.008200188367463,-0.11264901470059371
2.0081716151585147,-0.5005641901243507,2.0081714773851274,-0.4630240118575356,2.0081714544233478,9.268272451657198,2.0081711559319557,-0.48805079736874574,2.0081657868134335,-0.5130775828799559,2.0081657409539426,-0.5130775828799559,2.008157517511452,-0.4158485211689045,2.008157517511452,0.1651483044738388,2.0081574946280596,-0.34900658199699625,2.0081508410109508,0.601185733882116,2.008148442885244,-0.4906500667985472,2.0081467308020944,1.539118829039275,2.008145407284369,-0.34900658199699625,2.008143992965024,-0.5085096063947004,2.008142579136741,-0.4630240118575356,2.0081719366478197,-0.1222968405151652,2.0081719366478197,-0.18511407214830267,2.0081719366478197,-0.07971376496784116,2.008173889090332,-0.5130775828799559,2.00817393504139,2.472004772362388,2.008174026945056,0.24100824537614338,2.008184517527195,-0.5005641901243507,2.008184540562448,-0.2753231205234596,2.008184863069605,-0.5130775828799559,2.008184886106803,-0.037568658166963316,2.0081849321815883,0.24128462868193631,2.0081880434292922,-0.3651820066291364,2.0081912493345313,-0.5130775828799559,2.008194711762004,-0.037568658166963316,2.00819478104041,0.24128462868193631
2.0081715233090733,-0.5005641901243507,2.0081714773851274,-0.4630240118575356,2.0081714544233478,9.268272451657198,2.0081710870524234,-0.48805079736874574,2.0081657868134335,-0.5130775828799559,2.0081657409539426,-0.5130775828799559,2.008157517511452,-0.4158485211689045,2.008157517511452,0.1651483044738388,2.0081574946280596,-0.34900658199699625,2.0081508410109508,0.601185733882116,2.008148442885244,-0.4906500667985472,2.0081467308020944,1.539118829039275,2.008145407284369,-0.34900658199699625,2.008143992965024,-0.5085096063947004,2.008142579136741,-0.4630240118575356,2.0081719366478197,-0.1222968405151652,2.0081719366478197,-0.18511407214830267,2.0081719366478197,-0.07971376496784116,2.0081720744366947,-0.4630240118575356,2.008173889090332,-0.5130775828799559,2.00817393504139,2.472004772362388,2.0081740039689455,-0.5005641901243507,2.008174026945056,0.24100824537614338,2.008184540562448,-0.2753231205234596,2.008184863069605,-0.5130775828799559,2.008184886106803,-0.037568658166963316,2.0081849321815883,0.24128462868193631,2.0081880434292922,-0.3651820066291364,2.0081912493345313,-0.5130775828799559,2.008194711762004,-0.037568658166963316
2.0081714773851274,-0.5130775828799559,2.0081714544233478,9.268272451657198,2.008171201852289,-0.4630240118575356,2.0081709033793484,-0.48805079736874574,2.0081657868134335,-0.5130775828799559,2.0081657409539426,-0.5130775828799559,2.008157517511452,-0.4158485211689045,2.008157517511452,0.1651483044738388,2.0081574946280596,-0.34900658199699625,2.0081508410109508,0.601185733882116,2.008148442885244,-0.4906500667985472,2.0081467308020944,1.539118829039275,2.008145407284369,-0.34900658199699625,2.008143992965024,-0.5085096063947004,2.008142579136741,-0.4630240118575356,2.00817154627124,-0.3947509409829544,2.00817154627124,0.07848054624851805,2.00817154627124,-0.0708542828968728,2.0081738661149964,-0.5130775828799559,2.008173889090332,-0.5005641901243507,2.00817393504139,2.472004772362388,2.008174026945056,0.24100824537614338,2.008184863069605,-0.5130775828799559,2.008184886106803,-0.037568658166963316,2.0081849321815883,0.24128462868193631,2.0081876515123787,-0.36518967733889557,2.0081912493345313,-0.5130775828799559,2.008194642484769,-0.037568658166963316,2.008194688669462,-0.11264901470059371,2.008194711762004,-0.5130775828799559
2.0081714773851274,-0.5130775828799559,2.0081714544233478,9.268272451657198,2.0081709033793484,-0.48805079736874574,2.0081657868134335,-0.5130775828799559,2.0081657409539426,-0.5130775828799559,2.008157517511452,-0.4158485211689045,2.008157517511452,0.1651483044738388,2.0081574946280596,-0.34900658199699625,2.0081508410109508,0.601185733882116,2.008148442885244,-0.4906500667985472,2.0081467308020944,1.539118829039275,2.008145407284369,-0.34900658199699625,2.008143992965024,-0.5085096063947004,2.008142579136741,-0.4630240118575356,2.008139433990254,-0.3161581501831821,2.0081715233090733,-0.44509232003875354,2.0081715233090733,-0.20866427731435142,2.008172418929211,-0.48805079736874574,2.0081737512402573,-0.5130775828799559,2.0081737512402573,-0.037568658166963316,2.0081737971897655,2.4717795312927873,2.008174026945056,0.24100824537614338,2.008184863069605,-0.5130775828799559,2.008184886106803,-0.037568658166963316,2.0081849321815883,0.24128462868193631,2.008187628459611,-0.36519012782103477,2.0081912493345313,-0.5130775828799559,2.008194642484769,-0.037568658166963316,2.008194688669462,-0.11264901470059371,2.008194711762004,-0.5130775828799559
2.0081714773851274,-0.5130775828799559,2.0081714544233478,9.268272451657198,2.0081709033793484,-0.48805079736874574,2.0081657868134335,-0.5130775828799559,2.0081657409539426,-0.5130775828799559,2.008157517511452,-0.4158485211689045,2.008157517511452,0.1651483044738388,2.0081574946280596,-0.34900658199699625,2.0081508410109508,0.601185733882116,2.008148442885244,-0.4906500667985472,2.0081467308020944,1.539118829039275,2.008145407284369,-0.34900658199699625,2.008143992965024,-0.5085096063947004,2.008142579136741,-0.4630240118575356,2.008139433990254,-0.3161581501831821,2.008173728265697,-0.5130775828799559,2.0081737512402573,-0.037568658166963316,2.0081737971897655,2.4717795312927873,2.0081740039689455,-0.5005641901243507,2.008174026945056,0.24100824537614338,2.008184863069605,-0.5130775828799559,2.008184886106803,-0.037568658166963316,2.0081849321815883,0.24128462868193631,2.008187628459611,-0.36519012782103477,2.0081912493345313,-0.5130775828799559,2.0081946193926177,0.2377259824563481,2.008194688669462,-0.11264901470059371,2.008194711762004,-0.5130775828799559,2.00819478104041,0.24128462868193631,2.008195635570411,0.22521258970074304
2.0081714773851274,-0.5130775828799559,2.0081714544233478,9.268272451657198,2.0081709033793484,-0.48805079736874574,2.008166864659775,-0.285372576191915,2.0081657409539426,-0.5130775828799559,2.008157517511452,-0.4158485211689045,2.008157517511452,0.1651483044738388,2.0081574946280596,-0.34900658199699625,2.0081508410109508,0.601185733882116,2.008148442885244,-0.4906500667985472,2.0081467308020944,1.539118829039275,2.008145407284369,-0.34900658199699625,2.008143992965024,-0.5085096063947004,2.008142579136741,-0.4630240118575356,2.008139433990254,-0.3161581501831821,2.0081715003470357,-0.2839698749175827,2.0081715003470357,-0.0940541130657646,2.0081715003470357,-0.009100689647961801,2.008172418929211,-0.48805079736874574,2.0081735904210465,-0.5130775828799559,2.008173613394832,-0.037568658166963316,2.0081736593427904,2.4726930089639465,2.008174026945056,0.24100824537614338,2.008184863069605,-0.5130775828799559,2.008184886106803,-0.037568658166963316,2.0081849321815883,0.24128462868193631,2.008187605406973,-0.36519057830317403,2.0081912493345313,-0.5130775828799559,2.008194550116944,-0.11264901470059371,2.008194573208705,-0.037568658166963316
2.0081714544233478,9.255759058901592,2.00817085746237,-0.48805079736874574,2.0081668875957672,-0.5130775828799559,2.008166864659775,-0.285372576191915,2.0081657409539426,-0.5130775828799559,2.008157517511452,-0.4158485211689045,2.008157517511452,0.1651483044738388,2.0081574946280596,-0.34900658199699625,2.0081508410109508,0.601185733882116,2.008148442885244,-0.4906500667985472,2.0081467308020944,1.539118829039275,2.008145407284369,-0.34900658199699625,2.008143992965024,-0.5085096063947004,2.008142579136741,-0.4630240118575356,2.008139433990254,-0.3161581501831821,2.0081714773851274,-0.051846439301108736,2.0081714773851274,0.019329738692772932,2.0081714773851274,-0.35460797702297325,2.0081714773851274,-0.21275615674543427,2.0081723959621396,-0.48805079736874574,2.00817333771793,-0.037568658166963316,2.0081733606902947,-0.5130775828799559,2.008173383662789,2.4700526830925136,2.0081740039689455,-0.5005641901243507,2.008174026945056,0.24100824537614338,2.008184816995598,-0.2753231205234596,2.008184863069605,-0.5130775828799559,2.0081849321815883,0.24128462868193631,2.0081875593020864,-0.11264901470059371,2.008187582354465,-0.36519102878531323
2.0081714544233478,9.243245666145986,2.00817085746237,-0.48805079736874574,2.0081668875957672,-0.5130775828799559,2.008166864659775,-0.285372576191915,2.0081657409539426,-0.5130775828799559,2.008157517511452,-0.4158485211689045,2.008157517511452,0.1651483044738388,2.0081574946280596,-0.34900658199699625,2.0081508410109508,0.601185733882116,2.008148442885244,-0.4906500667985472,2.0081467308020944,1.539118829039275,2.008145407284369,-0.34900658199699625,2.008143992965024,-0.5085096063947004,2.008142579136741,-0.4630240118575356,2.008139433990254,-0.3161581501831821,2.0081714773851274,-0.051846439301108736,2.0081714773851274,0.019329738692772932,2.0081714773851274,-0.35460797702297325,2.0081714773851274,-0.21275615674543427,2.0081723959621396,-0.48805079736874574,2.00817333771793,-0.037568658166963316,2.0081733606902947,-0.5130775828799559,2.008173383662789,2.4700526830925136,2.0081740039689455,-0.5005641901243507,2.008174026945056,0.24100824537614338,2.008184863069605,-0.5130775828799559,2.008184886106803,-0.037568658166963316,2.0081849321815883,0.24128462868193631,2.0081875593020864,-0.11264901470059371,2.008187582354465,-0.36519102878531323
2.0081714544233478,9.243245666145986,2.00817085746237,-0.48805079736874574,2.0081668875957672,-0.5130775828799559,2.008166864659775,-0.285372576191915,2.0081657409539426,-0.5130775828799559,2.008157517511452,-0.4158485211689045,2.008157517511452,0.1651483044738388,2.0081574946280596,-0.34900658199699625,2.0081508410109508,0.601185733882116,2.008148442885244,-0.4906500667985472,2.0081467308020944,1.539118829039275,2.008145407284369,-0.34900658199699625,2.008143992965024,-0.5085096063947004,2.008142579136741,-0.4630240118575356,2.008139433990254,-0.3161581501831821,2.0081714773851274,-0.051846439301108736,2.0081714773851274,0.019329738692772932,2.0081714773851274,-0.35460797702297325,2.0081714773851274,-0.21275615674543427,2.0081723959621396,-0.48805079736874574,2.00817333771793,-0.037568658166963316,2.0081733606902947,-0.5130775828799559,2.008173383662789,2.4700526830925136,2.0081740039689455,-0.5005641901243507,2.008174026945056,0.24100824537614338,2.008184863069605,-0.5130775828799559,2.008184886106803,-0.037568658166963316,2.0081849321815883,0.24128462868193631,2.0081875593020864,-0.11264901470059371,2.008187582354465,-0.36519102878531323
2.0081714544233478,9.243245666145986,2.00817085746237,-0.48805079736874574,2.0081668875957672,-0.5130775828799559,2.008166864659775,-0.285372576191915,2.0081657409539426,-0.5130775828799559,2.008157517511452,-0.4158485211689045,2.008157517511452,0.1651483044738388,2.0081574946280596,-0.34900658199699625,2.0081508410109508,0.601185733882116,2.008148442885244,-0.4906500667985472,2.0081467308020944,1.539118829039275,2.008145407284369,-0.34900658199699625,2.008143992965024,-0.5085096063947004,2.008142579136741,-0.4630240118575356,2.008139433990254,-0.3161581501831821,2.0081714773851274,-0.051846439301108736,2.0081714773851274,0.019329738692772932,2.0081714773851274,-0.35460797702297325,2.0081714773851274,-0.21275615674543427,2.0081723959621396,-0.48805079736874574,2.00817333771793,-0.037568658166963316,2.0081733606902947,-0.5130775828799559,2.008173383662789,2.4700526830925136,2.0081740039689455,-0.5005641901243507,2.008174026945056,0.24100824537614338,2.008184863069605,-0.5130775828799559,2.008184886106803,-0.037568658166963316,2.0081849321815883,0.24128462868193631,2.0081875593020864,-0.11264901470059371,2.0081875593020864,-0.5130775828799559
2.0081714544233478,9.243245666145986,2.00817085746237,-0.48805079736874574,2.0081668875957672,-0.5130775828799559,2.008166864659775,-0.285372576191915,2.0081657409539426,-0.5130775828799559,2.008157517511452,-0.4158485211689045,2.008157517511452,0.1651483044738388,2.0081574946280596,-0.34900658199699625,2.0081508410109508,0.601185733882116,2.008148442885244,-0.4906500667985472,2.0081467308020944,1.539118829039275,2.008145407284369,-0.34900658199699625,2.008143992965024,-0.5085096063947004,2.008142579136741,-0.4630240118575356,2.008139433990254,-0.3161581501831821,2.0081714773851274,-0.051846439301108736,2.0081714773851274,0.019329738692772932,2.0081714773851274,-0.35460797702297325,2.0081714773851274,-0.21275615674543427,2.0081723959621396,-0.48805079736874574,2.00817333771793,-0.037568658166963316,2.0081733606902947,-0.5130775828799559,2.008173383662789,2.4700526830925136,2.0081740039689455,-0.5005641901243507,2.008174026945056,0.24100824537614338,2.008184863069605,-0.5130775828799559,2.008184886106803,-0.037568658166963316,2.0081849321815883,0.24128462868193631,2.0081875593020864,-0.11264901470059371,2.0081875593020864,-0.5130775828799559
2.0081714544233478,9.243245666145986,2.00817085746237,-0.48805079736874574,2.0081668875957672,-0.5130775828799559,2.008166864659775,-0.285372576191915,2.0081657409539426,-0.5130775828799559,2.008157517511452,-0.4158485211689045,2.008157517511452,0.1651483044738388,2.0081574946280596,-0.34900658199699625,2.0081508410109508,0.601185733882116,2.008148442885244,-0.4906500667985472,2.0081467308020944,1.539118829039275,2.008145407284369,-0.34900658199699625,2.008143992965024,-0.5085096063947004,2.008142579136741,-0.4630240118575356,2.008139433990254,-0.3161581501831821,2.0081714773851274,-0.051846439301108736,2.0081714773851274,0.019329738692772932,2.0081714773851274,-0.35460797702297325,2.0081714773851274,-0.21275615674543427,2.0081723959621396,-0.48805079736874574,2.00817333771793,-0.037568658166963316,2.0081733606902947,-0.5130775828799559,2.008173383662789,2.4700526830925136,2.0081740039689455,-0.5005641901243507,2.008174026945056,0.24100824537614338,2.008184793958789,-0.037568658166963316,2.008184863069605,-0.5130775828799559,2.0081849321815883,0.24128462868193631,2.0081875362498383,-0.11264901470059371,2.0081875593020864,-0.5130775828799559
2.0081714544233478,9.243245666145986,2.00817085746237,-0.48805079736874574,2.0081668875957672,-0.5130775828799559,2.008166864659775,-0.285372576191915,2.0081657409539426,-0.5130775828799559,2.008157517511452,-0.4158485211689045,2.008157517511452,0.1651483044738388,2.0081574946280596,-0.34900658199699625,2.0081508410109508,0.601185733882116,2.008148442885244,-0.4906500667985472,2.0081467308020944,1.539118829039275,2.008145407284369,-0.34900658199699625,2.008143992965024,-0.5085096063947004,2.008142579136741,-0.4630240118575356,2.008139433990254,-0.3161581501831821,2.0081714773851274,-0.051846439301108736,2.0081714773851274,0.019329738692772932,2.0081714773851274,-0.35460797702297325,2.0081714773851274,-0.21275615674543427,2.0081723959621396,-0.48805079736874574,2.00817333771793,-0.037568658166963316,2.0081733606902947,-0.5130775828799559,2.008173383662789,2.4700526830925136,2.0081740039689455,-0.5005641901243507,2.008174026945056,0.24100824537614338,2.008184863069605,-0.5130775828799559,2.008184886106803,-0.037568658166963316,2.0081849321815883,0.24128462868193631,2.0081875362498383,-0.11264901470059371,2.0081875593020864,-0.5130775828799559
2.0081714544233478,9.243245666145986,2.00817085746237,-0.48805079736874574,2.0081668875957672,-0.5130775828799559,2.008166864659775,-0.285372576191915,2.0081657409539426,-0.5130775828799559,2.008157517511452,-0.4158485211689045,2.008157517511452,0.1651483044738388,2.0081574946280596,-0.34900658199699625,2.0081508410109508,0.601185733882116,2.008148442885244,-0.4906500667985472,2.0081467308020944,1.539118829039275,2.008145407284369,-0.34900658199699625,2.008143992965024,-0.5085096063947004,2.008142579136741,-0.4630240118575356,2.008139433990254,-0.3161581501831821,2.0081714773851274,-0.051846439301108736,2.0081714773851274,0.019329738692772932,2.0081714773851274,-0.35460797702297325,2.0081714773851274,-0.21275615674543427,2.0081723959621396,-0.48805079736874574,2.00817333771793,-0.037568658166963316,2.0081733606902947,-0.5130775828799559,2.008173383662789,2.4700526830925136,2.0081740039689455,-0.5005641901243507,2.008174026945056,0.24100824537614338,2.008184863069605,-0.5130775828799559,2.008184886106803,-0.037568658166963316,2.0081849321815883,0.24128462868193631,2.0081875593020864,-0.5130775828799559,2.008187582354465,-0.36519102878531323
