2.0083362477711715,-0.4505106191019305,2.0083362238740508,-0.36254146803002685,2.008336199977067,21.73573473658585,2.0083288223652365,-0.12045881082025821,2.008324030342064,-0.28771137935150864,2.008320791104651,-0.503805847084654,2.0083185061015727,-0.4247586199135693,2.008318482306062,-0.16642245450086549,2.008308998748507,-0.3162070400086783,2.008301716582593,-0.5130775828799559,2.008300484385213,2.5516274904663034,2.0082990867579906,-0.5130775828799559,2.00829906307345,-0.5130775828799559,2.0082826113581147,-0.5040258950962614,2.0082784614815257,-0.4004570480795102,2.0083372754769995,-0.4630240118575356,2.00833729938015,0.4444003931498596,2.008338016538404,-0.5130775828799559,2.0083434230987725,-0.5130775828799559,2.0083434230987725,-0.5005641901243507,2.008343447037187,0.11384339417585798,2.0083434709757384,-0.08762222918938363,2.008343686428885,-0.3603464062130169,2.0083477581905917,0.44515465041159646,2.008347901972436,-0.5130775828799559,2.0083543532845707,0.18516973288280678,2.008361944525917,-0.08762222918938363,2.00836196857073,-0.2878365132790647,2.008361992615682,0.4430061133888518,2.0083651196373196,-0.2878365132790647
2.0083362238740508,-0.4000816462968421,2.008336199977067,21.73573473658585,2.0083288223652365,-0.12045881082025821,2.008320791104651,-0.503805847084654,2.0083185061015727,-0.4247586199135693,2.008318482306062,-0.16642245450086549,2.008308998748507,-0.3162070400086783,2.008301716582593,-0.5130775828799559,2.008300484385213,2.5516274904663034,2.0082990867579906,-0.5130775828799559,2.00829906307345,-0.5130775828799559,2.0082966242895943,0.596123128008017,2.0082826113581147,-0.5040258950962614,2.0082784614815257,-0.4004570480795102,2.0082750456721055,-0.5130775828799559,2.0083372754769995,-0.4630240118575356,2.00833729938015,0.4444003931498596,2.008338016538404,-0.5130775828799559,2.0083434230987725,-0.5130775828799559,2.0083434230987725,-0.5005641901243507,2.008343686428885,-0.3603464062130169,2.0083477581905917,0.44515465041159646,2.008347901972436,-0.5130775828799559,2.0083543052826327,-0.08762222918938363,2.0083543532845707,0.18516973288280678,2.0083619204812417,-0.2878365132790647,2.008361944525917,-0.08762222918938363,2.008361992615682,0.4430061133888518,2.0083651196373196,-0.2878365132790647,2.008365143700397,-0.4971674421742346
2.0083362238740508,-0.4000816462968421,2.008336199977067,21.73573473658585,2.0083311369079677,-0.4251537928567913,2.008328870074782,-0.28771137935150864,2.008320791104651,-0.503805847084654,2.0083187678611782,-0.006627692864457088,2.008318482306062,-0.16642245450086549,2.008301716582593,-0.5130775828799559,2.008300484385213,2.5516274904663034,2.0082990867579906,-0.5130775828799559,2.00829906307345,-0.5130775828799559,2.0082966242895943,0.596123128008017,2.008289836398311,-0.3380596783135017,2.008285986197621,-0.5119037390457307,2.0082857264969443,-0.5094815216100284,2.0083372754769995,-0.4630240118575356,2.00833729938015,0.4444003931498596,2.008338016538404,-0.5130775828799559,2.0083434230987725,-0.5130775828799559,2.0083434230987725,-0.5005641901243507,2.0083434230987725,0.11384339417585798,2.008343686428885,-0.3603464062130169,2.0083477581905917,0.44515465041159646,2.008347901972436,-0.5130775828799559,2.0083543052826327,-0.08762222918938363,2.0083543532845707,0.18516973288280678,2.0083619204812417,-0.2878365132790647,2.008361944525917,-0.08762222918938363,2.008361992615682,0.4430061133888518,2.0083651196373196,-0.2878365132790647
2.0083362238740508,-0.4000816462968421,2.008336199977067,21.73573473658585,2.008331208512272,-0.5130775828799559,2.008331184644034,-0.28771137935150864,2.0083311369079677,-0.4251537928567913,2.008320791104651,-0.503805847084654,2.0083188868482633,-0.41368257801683683,2.008318482306062,-0.16642245450086549,2.008301716582593,-0.5130775828799559,2.008300484385213,2.5516274904663034,2.0082990867579906,-0.5130775828799559,2.00829906307345,-0.5130775828799559,2.0082966242895943,0.596123128008017,2.0082826113581147,-0.5040258950962614,2.0082784614815257,-0.4004570480795102,2.0083372754769995,-0.4630240118575356,2.00833729938015,0.4444003931498596,2.008338016538404,-0.5130775828799559,2.0083434230987725,-0.5130775828799559,2.0083434230987725,-0.5005641901243507,2.0083434230987725,0.11384339417585798,2.008343686428885,-0.3603464062130169,2.0083477581905917,0.44515465041159646,2.008347901972436,-0.5130775828799559,2.0083543052826327,-0.08762222918938363,2.0083543532845707,0.18516973288280678,2.0083619204812417,-0.2878365132790647,2.008361944525917,-0.08762222918938363,2.008361992615682,0.4430061133888518,2.0083651196373196,-0.2878365132790647
2.0083362238740508,-0.4004570480795102,2.008336199977067,21.73573473658585,2.008319148631832,-0.5130775828799559,2.008319148631832,0.013007146788719328,2.008319148631832,-0.28771137935150864,2.008319124832645,0.43865356747327694,2.0083166980306473,-0.5066252896599904,2.0083054153707307,-0.511036686061695,2.008300484385213,2.5516274904663034,2.0082990867579906,-0.5130775828799559,2.00829906307345,-0.5130775828799559,2.008293974034271,-0.4546356339970302,2.008285986197621,-0.4896652002217174,2.0082826113581147,-0.5040258950962614,2.0082784614815257,-0.4004570480795102,2.0083372754769995,-0.4630240118575356,2.00833729938015,0.4444003931498596,2.0083377296602976,-0.48805079736874574,2.008338016538404,-0.5130775828799559,2.008343662489097,-0.5130775828799559,2.008343662489097,-0.5005641901243507,2.008343662489097,0.10883803707361595,2.008343686428885,-0.3603464062130169,2.0083477581905917,0.44515465041159646,2.0083529134663443,-0.2878365132790647,2.008352937459248,0.18516973288280678,2.0083538492917326,-0.2878365132790647,2.008353873290013,-0.08762222918938363,2.0083568741612234,-0.2878365132790647,2.008356898176886,0.4440868200407968
2.0083362238740508,-0.4004570480795102,2.008336199977067,21.73573473658585,2.0083191962306146,-0.28771137935150864,2.008319148631832,-0.5130775828799559,2.0083112310224984,-0.503126657666058,2.008309331138847,-0.4214771077973394,2.008309307395798,0.011133428897673296,2.0082990867579906,-0.5130775828799559,2.00829906307345,-0.5130775828799559,2.008294399853964,-0.5129178494214306,2.008285986197621,-0.4896652002217174,2.0082826113581147,-0.5040258950962614,2.008282233924691,2.545195606589923,2.0082784614815257,-0.4004570480795102,2.0082750456721055,-0.5130775828799559,2.0083372754769995,-0.4630240118575356,2.00833729938015,0.4444003931498596,2.0083377296602976,-0.48805079736874574,2.008338016538404,-0.5130775828799559,2.008343638549446,-0.2878365132790647,2.008343662489097,-0.5130775828799559,2.008343662489097,0.10883803707361595,2.008343686428885,-0.3603464062130169,2.0083476863015273,-0.2878365132790647,2.0083477581905917,0.44515465041159646,2.0083528654809504,-0.2878365132790647,2.0083528894735783,-0.08762222918938363,2.008355529504386,-0.2753231205234596,2.0083555535123208,2.545270686946456,2.0083568741612234,-0.2753231205234596
2.008336199977067,21.73573473658585,2.008319148631832,-0.5130775828799559,2.0083112310224984,-0.503126657666058,2.0083055814192603,0.3709300097281653,2.0083050121376553,-0.04787550181100878,2.0082990867579906,-0.5130775828799559,2.00829906307345,-0.5130775828799559,2.008294399853964,-0.5129178494214306,2.00828981276654,-0.45696007178174036,2.0082826113581147,-0.5040258950962614,2.0082825641770556,2.7213268902768064,2.008282233924691,2.545195606589923,2.0082784614815257,-0.4004570480795102,2.00827532825279,0.2724521614736756,2.0082750456721055,-0.5130775828799559,2.0083372754769995,-0.4630240118575356,2.00833729938015,0.4444003931498596,2.0083377296602976,-0.48805079736874574,2.008338016538404,-0.5130775828799559,2.0083418673964366,-0.5005641901243507,2.0083418673964366,-0.2878365132790647,2.0083418913259248,0.4440868200407968,2.008343662489097,-0.5130775828799559,2.008343662489097,0.10883803707361595,2.008343686428885,-0.3603464062130169,2.0083476863015273,-0.2878365132790647,2.008347710264411,-0.08762222918938363,2.0083477581905917,0.44515465041159646,2.008351234305538,-0.2878365132790647,2.008351234305538,-0.2753231205234596
2.0083362238740508,-0.4000816462968421,2.008336199977067,21.73573473658585,2.008319148631832,-0.5130775828799559,2.008319148631832,-0.28771137935150864,2.0083055814192603,0.3709300097281653,2.0083026172659038,2.5524909145664405,2.0082990867579906,-0.5130775828799559,2.00829906307345,-0.5130775828799559,2.008294399853964,-0.5129178494214306,2.0082935009525547,-0.033098699087162606,2.00828981276654,-0.45696007178174036,2.0082826113581147,-0.5040258950962614,2.0082825641770556,2.7213268902768064,2.0082784614815257,-0.4004570480795102,2.00827532825279,0.2724521614736756,2.0083372754769995,-0.4630240118575356,2.00833729938015,0.4444003931498596,2.0083377296602976,-0.48805079736874574,2.008338016538404,-0.5130775828799559,2.0083418434670857,-0.2878365132790647,2.0083418673964366,0.10883803707361595,2.0083418913259248,0.4440868200407968,2.008343638549446,-0.2878365132790647,2.008343662489097,-0.5130775828799559,2.008343686428885,-0.3603464062130169,2.0083476863015273,-0.2878365132790647,2.008347710264411,-0.08762222918938363,2.0083477581905917,0.44515465041159646,2.008351234305538,-0.2753231205234596,2.0083512582887963,0.18516973288280678
2.0083362238740508,-0.4000816462968421,2.008336199977067,21.73573473658585,2.008319148631832,-0.5130775828799559,2.008319148631832,-0.28771137935150864,2.0083078593263433,-0.5046805082114854,2.008305794919984,0.006623990063728663,2.0082990867579906,-0.5130775828799559,2.00829906307345,-0.5130775828799559,2.008297121401038,-0.04896774581107449,2.008294399853964,-0.5129178494214306,2.0082935009525547,-0.033098699087162606,2.00828981276654,-0.45696007178174036,2.0082826113581147,-0.5040258950962614,2.0082825641770556,2.7213268902768064,2.0082784614815257,-0.4004570480795102,2.0083372754769995,-0.4630240118575356,2.00833729938015,0.4444003931498596,2.0083377296602976,-0.48805079736874574,2.008338016538404,-0.5130775828799559,2.0083418434670857,-0.2878365132790647,2.0083418673964366,0.10883803707361595,2.0083418913259248,0.4440868200407968,2.008343638549446,-0.2878365132790647,2.008343662489097,-0.5130775828799559,2.008343686428885,-0.3603464062130169,2.0083476863015273,-0.2878365132790647,2.008347710264411,-0.08762222918938363,2.0083477581905917,0.44515465041159646,2.008349867487488,2.5447576378434764,2.008351234305538,-0.2753231205234596
2.0083362238740508,-0.4000816462968421,2.008336199977067,21.73573473658585,2.008319148631832,-0.5130775828799559,2.008319148631832,-0.28771137935150864,2.0083078593263433,-0.5046805082114854,2.008305794919984,0.006623990063728663,2.0082990867579906,-0.5130775828799559,2.00829906307345,-0.5130775828799559,2.008297121401038,-0.04896774581107449,2.008294399853964,-0.5129178494214306,2.0082935009525547,-0.033098699087162606,2.00828981276654,-0.45696007178174036,2.0082826113581147,-0.5040258950962614,2.00827876786426,-0.487694828885027,2.0082784614815257,-0.4004570480795102,2.0083372754769995,-0.4630240118575356,2.00833729938015,0.4444003931498596,2.008338016538404,-0.5130775828799559,2.0083418434670857,0.10883803707361595,2.0083418913259248,0.4440868200407968,2.008343638549446,-0.2878365132790647,2.008343662489097,-0.5130775828799559,2.008343686428885,-0.3603464062130169,2.0083476863015273,-0.2878365132790647,2.008347710264411,-0.08762222918938363,2.0083477581905917,0.44515465041159646,2.008349819537085,-0.08762222918938363,2.008349867487488,2.5447576378434764,2.008351234305538,-0.2753231205234596,2.0083512582887963,0.18516973288280678
2.0083362238740508,-0.4626486100748674,2.008336199977067,21.73573473658585,2.008319148631832,-0.5130775828799559,2.008319148631832,-0.28771137935150864,2.008305794919984,0.006623990063728663,2.0082990867579906,-0.5130775828799559,2.00829906307345,-0.5130775828799559,2.0082971450744975,-0.42599903499725417,2.008297121401038,-0.04896774581107449,2.008296529608454,0.3267705970686322,2.008296529608454,-0.35301047976361444,2.0082957249060027,-0.5100319982707401,2.008295701240647,-0.5123545590465369,2.008294399853964,-0.5129178494214306,2.0082935009525547,-0.033098699087162606,2.0083372754769995,-0.47566253854069673,2.00833729938015,0.4444003931498596,2.008338016538404,-0.5130775828799559,2.0083418913259248,0.4440868200407968,2.0083418913259248,0.10883803707361595,2.008343638549446,-0.2878365132790647,2.008343662489097,-0.5130775828799559,2.008343686428885,-0.3603464062130169,2.0083476863015273,-0.2878365132790647,2.008347710264411,-0.08762222918938363,2.0083477581905917,0.44515465041159646,2.0083512582887963,0.18516973288280678,2.008351330239397,-0.08762222918938363,2.0083513782071534,0.4440868200407968,2.0083527215280768,2.5440568878491625
2.008336199977067,21.73573473658585,2.008332616980429,-0.5130775828799559,2.008319148631832,-0.5130775828799559,2.008319148631832,-0.28771137935150864,2.008305794919984,0.006623990063728663,2.0083010293504757,-0.43002639537528914,2.008301005654846,-0.10615785488272944,2.0082990867579906,-0.5130775828799559,2.00829906307345,-0.5130775828799559,2.0082971924218214,-0.5107006013590649,2.0082971450744975,-0.3368451909796064,2.008297121401038,-0.04896774581107449,2.0082969793631182,2.5501008565501198,2.008296529608454,0.3267705970686322,2.008295298950251,-0.503640470085996,2.0083372754769995,-0.47566253854069673,2.00833729938015,0.4444003931498596,2.00833729938015,0.3790272134526405,2.00833729938015,-0.4198027532796757,2.00833729938015,-0.32682824510553,2.008338016538404,-0.5130775828799559,2.0083397621389714,-0.5005641901243507,2.0083397860563825,-0.5130775828799559,2.0083418434670857,-0.08762222918938363,2.0083418673964366,0.10883803707361595,2.0083418913259248,0.4440868200407968,2.008343638549446,-0.2878365132790647,2.008343662489097,-0.5130775828799559,2.008343686428885,-0.3603464062130169,2.0083476863015273,-0.2878365132790647
2.008336199977067,21.73573473658585,2.008332640856875,-0.5130775828799559,2.008332616980429,-0.5130775828799559,2.008319148631832,-0.5130775828799559,2.008305794919984,0.006623990063728663,2.0083010293504757,-0.43002639537528914,2.008301005654846,-0.10615785488272944,2.0082990867579906,-0.5130775828799559,2.00829906307345,-0.5130775828799559,2.0082971450744975,-0.3368451909796064,2.008297121401038,-0.04896774581107449,2.008296529608454,0.3267705970686322,2.0082964112600674,2.5511269547560795,2.008295298950251,-0.503640470085996,2.008294399853964,-0.5129178494214306,2.0083372754769995,-0.47566253854069673,2.00833729938015,0.4444003931498596,2.00833729938015,0.3790272134526405,2.00833729938015,-0.4198027532796757,2.00833729938015,-0.32682824510553,2.008338016538404,-0.5130775828799559,2.008339738221697,-0.5130775828799559,2.0083397621389714,-0.5005641901243507,2.0083397860563825,-0.5130775828799559,2.0083418434670857,-0.08762222918938363,2.0083418913259248,0.4440868200407968,2.008343638549446,-0.2878365132790647,2.008343662489097,-0.5130775828799559,2.008343686428885,-0.3603464062130169,2.0083476863015273,-0.2878365132790647
2.008336199977067,21.73573473658585,2.008332640856875,-0.5130775828799559,2.008332640856875,-0.28771137935150864,2.008332616980429,-0.5130775828799559,2.008319148631832,-0.5130775828799559,2.008305794919984,0.006623990063728663,2.0083010293504757,-0.43002639537528914,2.008301005654846,-0.10615785488272944,2.0082990867579906,-0.5130775828799559,2.00829906307345,-0.5130775828799559,2.0082971450744975,-0.3368451909796064,2.008297121401038,-0.04896774581107449,2.008296529608454,0.3267705970686322,2.008296079902547,-0.5114655700850005,2.008294399853964,-0.5129178494214306,2.0083372754769995,-0.47566253854069673,2.00833729938015,0.4444003931498596,2.008338016538404,-0.5130775828799559,2.008339738221697,-0.5130775828799559,2.0083397621389714,-0.5005641901243507,2.0083397621389714,0.10883803707361595,2.0083397860563825,-0.5130775828799559,2.0083418434670857,-0.08762222918938363,2.0083418913259248,0.4440868200407968,2.008343638549446,-0.2878365132790647,2.008343662489097,-0.5130775828799559,2.0083444525746423,-0.3603312650077827,2.0083476863015273,-0.2878365132790647,2.008347710264411,-0.08762222918938363,2.0083477581905917,0.44515465041159646
2.008336199977067,21.72322134383025,2.008332640856875,-0.5130775828799559,2.008332640856875,-0.28771137935150864,2.008332616980429,-0.5130775828799559,2.008319148631832,-0.5130775828799559,2.008305794919984,0.006623990063728663,2.0083010293504757,-0.43002639537528914,2.008301005654846,-0.10615785488272944,2.0082990867579906,-0.5130775828799559,2.00829906307345,-0.5130775828799559,2.0082971450744975,-0.3368451909796064,2.008297121401038,-0.04896774581107449,2.0082969556906045,-0.5112618019973683,2.008296529608454,0.3267705970686322,2.008294399853964,-0.5129178494214306,2.0083363194633566,-0.08729688097773784,2.0083363194633566,-0.05363585446516025,2.0083363194633566,-0.22667104948966707,2.008336510648545,-0.5130775828799559,2.008336654043191,-0.4630240118575356,2.00833729938015,0.4444003931498596,2.008339738221697,-0.5130775828799559,2.0083397621389714,-0.5005641901243507,2.0083397621389714,0.10883803707361595,2.0083397860563825,-0.5130775828799559,2.0083418673964366,-0.2878365132790647,2.0083418913259248,0.4440868200407968,2.008343662489097,-0.5130775828799559,2.008344428630458,-0.2878365132790647,2.0083444525746423,-0.3603312650077827
2.008336199977067,21.72322134383025,2.008332640856875,-0.5130775828799559,2.008332640856875,-0.28771137935150864,2.008332616980429,-0.5130775828799559,2.008319148631832,-0.5130775828799559,2.008305794919984,0.006623990063728663,2.0083010293504757,-0.43002639537528914,2.008301005654846,-0.10615785488272944,2.0082990867579906,-0.5130775828799559,2.00829906307345,-0.5130775828799559,2.0082971450744975,-0.3368451909796064,2.008297121401038,-0.04896774581107449,2.008296529608454,0.3267705970686322,2.0082964112600674,2.5505137985110546,2.008294399853964,-0.5129178494214306,2.0083362238740508,-0.022815368108104986,2.0083372754769995,-0.4630240118575356,2.00833729938015,0.4444003931498596,2.008338016538404,-0.5130775828799559,2.008339738221697,-0.5130775828799559,2.0083397621389714,-0.5005641901243507,2.0083397860563825,-0.5130775828799559,2.0083418673964366,-0.2878365132790647,2.0083418913259248,0.4440868200407968,2.008343662489097,-0.5130775828799559,2.0083443807425008,-0.2878365132790647,2.0083444046864103,-0.08762222918938363,2.0083444525746423,-0.3603312650077827,2.0083477342274327,-0.2878365132790647,2.0083477581905917,0.44515465041159646
2.008336199977067,21.72322134383025,2.008332640856875,-0.5130775828799559,2.008332640856875,-0.28771137935150864,2.008332616980429,-0.5130775828799559,2.008319148631832,-0.5130775828799559,2.008305794919984,0.006623990063728663,2.0082990867579906,-0.5130775828799559,2.00829906307345,-0.5130775828799559,2.0082971450744975,-0.3368451909796064,2.0082971450744975,-0.4279801428249288,2.008297121401038,-0.04896774581107449,2.008296529608454,0.3267705970686322,2.0082964112600674,2.5505137985110546,2.008294399853964,-0.5129178494214306,2.0082935009525547,-0.033098699087162606,2.0083362238740508,-0.022815368108104986,2.0083362238740508,-0.2924539552058829,2.0083362238740508,-0.052321948225821716,2.008336415054855,-0.5130775828799559,2.0083366062444274,-0.4630240118575356,2.00833729938015,0.4444003931498596,2.0083397143045603,-0.5130775828799559,2.008339738221697,0.10883803707361595,2.0083397860563825,-0.5130775828799559,2.0083418673964366,-0.2878365132790647,2.0083418913259248,0.4440868200407968,2.008343662489097,-0.5130775828799559,2.0083444046864103,-0.08762222918938363,2.0083444525746423,-0.3603312650077827,2.0083477342274327,-0.2878365132790647
2.008336199977067,21.72322134383025,2.008332640856875,-0.5130775828799559,2.008332640856875,-0.28771137935150864,2.008332616980429,-0.5130775828799559,2.008319148631832,-0.5130775828799559,2.008305794919984,0.006623990063728663,2.0082990867579906,-0.5130775828799559,2.00829906307345,-0.5130775828799559,2.00829787901875,-0.5116881332885518,2.0082971450744975,-0.3368451909796064,2.0082971450744975,-0.4279801428249288,2.008297121401038,-0.04896774581107449,2.008296529608454,0.3267705970686322,2.008294399853964,-0.5129178494214306,2.0082935009525547,-0.033098699087162606,2.0083362238740508,-0.022815368108104986,2.0083362238740508,-0.2924539552058829,2.0083362238740508,-0.052321948225821716,2.008336415054855,-0.5130775828799559,2.0083366062444274,-0.4630240118575356,2.00833729938015,0.4444003931498596,2.0083397621389714,-0.5130775828799559,2.0083397860563825,-0.5130775828799559,2.0083418673964366,-0.2878365132790647,2.0083418913259248,0.4440868200407968,2.008343662489097,-0.5130775828799559,2.0083443807425008,-0.2878365132790647,2.0083444046864103,-0.08762222918938363,2.0083444525746423,-0.3603312650077827,2.0083477342274327,-0.2878365132790647
2.008336199977067,21.372846346673306,2.008332640856875,-0.5130775828799559,2.008332640856875,-0.28771137935150864,2.008332616980429,-0.5130775828799559,2.008319148631832,-0.5130775828799559,2.008305794919984,0.006623990063728663,2.0082990867579906,-0.5130775828799559,2.00829906307345,-0.5130775828799559,2.0082971450744975,-0.3368451909796064,2.0082971450744975,-0.4279801428249288,2.008297121401038,-0.04896774581107449,2.0082970503814703,-0.5104882991375733,2.008296529608454,0.3267705970686322,2.008294399853964,-0.5129178494214306,2.0082935009525547,-0.033098699087162606,2.0083362238740508,-0.022815368108104986,2.0083362238740508,-0.2924539552058829,2.0083362238740508,-0.052321948225821716,2.008336415054855,-0.5130775828799559,2.0083366062444274,-0.4630240118575356,2.00833729938015,0.4444003931498596,2.008339666470698,-0.5005641901243507,2.0083396903875603,-0.5130775828799559,2.0083397143045603,0.10883803707361595,2.0083397860563825,-0.5130775828799559,2.0083418673964366,-0.2878365132790647,2.0083418913259248,0.4440868200407968,2.008343662489097,-0.5130775828799559,2.0083444046864103,-0.08762222918938363,2.0083444525746423,-0.3603312650077827
2.008336199977067,21.372846346673306,2.008332640856875,-0.5130775828799559,2.008332640856875,-0.28771137935150864,2.008332616980429,-0.5130775828799559,2.008319148631832,-0.5130775828799559,2.008305794919984,0.006623990063728663,2.0082990867579906,-0.5130775828799559,2.00829906307345,-0.5130775828799559,2.0082971450744975,-0.3368451909796064,2.0082971450744975,-0.4279801428249288,2.008297121401038,-0.04896774581107449,2.008296529608454,0.3267705970686322,2.008294399853964,-0.5129178494214306,2.0082935009525547,-0.033098699087162606,2.00828995455919,-0.5048641923037448,2.0083362238740508,-0.022815368108104986,2.0083362238740508,-0.2924539552058829,2.0083362238740508,-0.052321948225821716,2.008336415054855,-0.5130775828799559,2.0083366062444274,-0.4630240118575356,2.00833729938015,0.4444003931498596,2.0083396186373843,-0.5005641901243507,2.0083396425539726,-0.5130775828799559,2.0083396903875603,0.10883803707361595,2.0083397860563825,-0.5130775828799559,2.0083418673964366,-0.2878365132790647,2.0083418913259248,0.4440868200407968,2.008343662489097,-0.5130775828799559,2.0083444525746423,-0.3603312650077827,2.0083477342274327,-0.2878365132790647
2.008336199977067,21.372846346673306,2.008332640856875,-0.5130775828799559,2.008332640856875,-0.28771137935150864,2.008332616980429,-0.5130775828799559,2.008319148631832,-0.5130775828799559,2.008305794919984,0.006623990063728663,2.0082990867579906,-0.5130775828799559,2.00829906307345,-0.5130775828799559,2.0082971450744975,-0.3368451909796064,2.0082971450744975,-0.4279801428249288,2.008297121401038,-0.04896774581107449,2.008296529608454,0.3267705970686322,2.008294399853964,-0.5129178494214306,2.0082935009525547,-0.033098699087162606,2.008289836398311,0.4855001311199342,2.0083362238740508,-0.022815368108104986,2.0083362238740508,-0.2924539552058829,2.0083362238740508,-0.052321948225821716,2.008336415054855,-0.5130775828799559,2.0083366062444274,-0.4630240118575356,2.00833729938015,0.4444003931498596,2.008339666470698,-0.5130775828799559,2.0083396903875603,0.10883803707361595,2.0083397860563825,-0.5130775828799559,2.0083418673964366,-0.2878365132790647,2.0083418913259248,0.4440868200407968,2.008343662489097,-0.5130775828799559,2.008344428630458,-0.2878365132790647,2.0083444525746423,-0.3603312650077827,2.0083477342274327,-0.2878365132790647
2.008336199977067,21.372846346673306,2.008332640856875,-0.5130775828799559,2.008332640856875,-0.28771137935150864,2.008332616980429,-0.5130775828799559,2.008319148631832,-0.5130775828799559,2.008305794919984,0.006623990063728663,2.0082990867579906,-0.5130775828799559,2.00829906307345,-0.5130775828799559,2.0082971450744975,-0.3368451909796064,2.0082971450744975,-0.4279801428249288,2.008297121401038,-0.04896774581107449,2.008296529608454,0.3267705970686322,2.008294399853964,-0.5129178494214306,2.0082935009525547,-0.033098699087162606,2.008284829474392,-0.5032148270314141,2.0083362238740508,-0.022815368108104986,2.0083362238740508,-0.2924539552058829,2.0083362238740508,-0.052321948225821716,2.008336415054855,-0.5130775828799559,2.0083366062444274,-0.4630240118575356,2.00833729938015,0.4444003931498596,2.0083396186373843,-0.5005641901243507,2.0083396425539726,-0.5130775828799559,2.008339666470698,0.10883803707361595,2.0083397860563825,-0.5130775828799559,2.0083418673964366,-0.2878365132790647,2.0083418913259248,0.4440868200407968,2.008343662489097,-0.5130775828799559,2.0083444046864103,-0.08762222918938363,2.0083444525746423,-0.3603312650077827
2.008336199977067,21.372846346673306,2.008332640856875,-0.5130775828799559,2.008332640856875,-0.28771137935150864,2.008332616980429,-0.5130775828799559,2.008319148631832,-0.5130775828799559,2.008305794919984,0.006623990063728663,2.0082990867579906,-0.5130775828799559,2.00829906307345,-0.5130775828799559,2.0082971450744975,-0.3368451909796064,2.0082971450744975,-0.4279801428249288,2.008297121401038,-0.04896774581107449,2.008296529608454,0.3267705970686322,2.0082952042993574,2.548186307458512,2.008294399853964,-0.5129178494214306,2.0082935009525547,-0.033098699087162606,2.0083362238740508,-0.0354538947912661,2.0083362238740508,-0.2924539552058829,2.0083362238740508,-0.052321948225821716,2.008336415054855,-0.5130775828799559,2.0083366062444274,-0.4630240118575356,2.00833729938015,0.4444003931498596,2.0083395947209333,-0.5130775828799559,2.0083396186373843,-0.5005641901243507,2.0083396186373843,0.10883803707361595,2.0083397860563825,-0.5130775828799559,2.0083418913259248,0.4440868200407968,2.008343638549446,-0.2878365132790647,2.008343662489097,-0.5130775828799559,2.0083444525746423,-0.3603312650077827,2.0083476144137005,-0.08762222918938363
2.008336199977067,21.372846346673306,2.008332640856875,-0.5130775828799559,2.008332640856875,-0.28771137935150864,2.008332616980429,-0.5130775828799559,2.008319148631832,-0.5130775828799559,2.008305794919984,0.006623990063728663,2.0082990867579906,-0.5130775828799559,2.00829906307345,-0.5130775828799559,2.0082971450744975,-0.3368451909796064,2.0082971450744975,-0.4279801428249288,2.008297121401038,-0.04896774581107449,2.008296529608454,0.3267705970686322,2.008294399853964,-0.5129178494214306,2.0082935009525547,-0.033098699087162606,2.0082826113581147,-0.5040258950962614,2.0083362238740508,-0.0354538947912661,2.0083362238740508,-0.2924539552058829,2.0083362238740508,-0.052321948225821716,2.008336415054855,-0.5130775828799559,2.0083366062444274,-0.4630240118575356,2.00833729938015,0.4444003931498596,2.0083395947209333,-0.5130775828799559,2.0083396186373843,-0.5005641901243507,2.0083396186373843,0.10883803707361595,2.0083397860563825,-0.5130775828799559,2.0083418913259248,0.4440868200407968,2.008343638549446,-0.2878365132790647,2.008343662489097,-0.5130775828799559,2.0083444525746423,-0.3603312650077827,2.0083475425271122,-0.08762222918938363
2.008336199977067,21.372846346673306,2.008332640856875,-0.5130775828799559,2.008332640856875,-0.28771137935150864,2.008332616980429,-0.5130775828799559,2.008319148631832,-0.5130775828799559,2.008305794919984,0.006623990063728663,2.0082990867579906,-0.5130775828799559,2.00829906307345,-0.5130775828799559,2.0082971450744975,-0.3368451909796064,2.0082971450744975,-0.4176444933507599,2.008297121401038,-0.04896774581107449,2.008296529608454,0.3267705970686322,2.008294399853964,-0.5129178494214306,2.0082935009525547,-0.033098699087162606,2.0082837910593168,-0.5046815217962985,2.0083362238740508,-0.0354538947912661,2.0083362238740508,-0.2924539552058829,2.0083362238740508,-0.052321948225821716,2.008336415054855,-0.5130775828799559,2.0083366062444274,-0.4630240118575356,2.00833729938015,0.4444003931498596,2.0083395947209333,-0.5130775828799559,2.0083396186373843,-0.5005641901243507,2.0083397860563825,-0.5130775828799559,2.0083418913259248,0.4440868200407968,2.008343638549446,-0.2878365132790647,2.008343662489097,-0.5130775828799559,2.0083444525746423,-0.3603312650077827,2.0083475185651913,-0.2878365132790647,2.0083477581905917,0.44515465041159646
2.008336199977067,21.372846346673306,2.008332640856875,-0.5130775828799559,2.008332640856875,-0.28771137935150864,2.008332616980429,-0.5130775828799559,2.008319148631832,-0.5130775828799559,2.008305794919984,0.006623990063728663,2.0082990867579906,-0.5130775828799559,2.00829906307345,-0.5130775828799559,2.0082971450744975,-0.3368451909796064,2.0082971450744975,-0.4176444933507599,2.008297121401038,-0.04896774581107449,2.008296529608454,0.3267705970686322,2.008294399853964,-0.5129178494214306,2.0082935009525547,-0.033098699087162606,2.008292034742143,-0.20025916904773175,2.0083362238740508,-0.0354538947912661,2.0083362238740508,-0.2924539552058829,2.0083362238740508,-0.052321948225821716,2.008336415054855,-0.5130775828799559,2.0083366062444274,-0.4630240118575356,2.00833729938015,0.4444003931498596,2.0083395708046194,-0.5130775828799559,2.0083395708046194,-0.5005641901243507,2.0083395947209333,0.10883803707361595,2.0083397860563825,-0.5130775828799559,2.0083418913259248,0.4440868200407968,2.008343638549446,-0.2878365132790647,2.008343662489097,-0.5130775828799559,2.0083444525746423,-0.3603312650077827,2.008347710264411,-0.08762222918938363
2.008336199977067,21.372846346673306,2.008332640856875,-0.5130775828799559,2.008332640856875,-0.28771137935150864,2.008332616980429,-0.5130775828799559,2.008319148631832,-0.5130775828799559,2.0083009108736793,-0.08989135777811401,2.0083009108736793,-0.41835454079589124,2.0082990867579906,-0.5130775828799559,2.00829906307345,-0.5130775828799559,2.0082971450744975,-0.3368451909796064,2.008297121401038,-0.04896774581107449,2.008296529608454,0.3267705970686322,2.008294399853964,-0.5129178494214306,2.0082935009525547,-0.033098699087162606,2.0082826113581147,-0.5040258950962614,2.0083362238740508,-0.0354538947912661,2.0083362238740508,-0.2924539552058829,2.0083362238740508,-0.052321948225821716,2.008336415054855,-0.5130775828799559,2.0083366062444274,-0.4630240118575356,2.00833729938015,0.4444003931498596,2.0083395708046194,-0.5130775828799559,2.0083395708046194,-0.5005641901243507,2.0083395947209333,0.10883803707361595,2.0083397860563825,-0.5130775828799559,2.0083418913259248,0.4440868200407968,2.008343638549446,-0.2878365132790647,2.008343662489097,-0.5130775828799559,2.0083444525746423,-0.3603312650077827,2.008347638376172,-0.08762222918938363
2.008336199977067,21.372846346673306,2.008332640856875,-0.5130775828799559,2.008332640856875,-0.28771137935150864,2.008332616980429,-0.5130775828799559,2.008319148631832,-0.5130775828799559,2.0083051070125033,0.009337531796174393,2.0083009108736793,-0.08989135777811401,2.0083009108736793,-0.41835454079589124,2.0082990867579906,-0.5130775828799559,2.00829906307345,-0.5130775828799559,2.0082971450744975,-0.3368451909796064,2.008297121401038,-0.04896774581107449,2.008296529608454,0.3267705970686322,2.0082951806369715,2.5474980708569537,2.008294399853964,-0.5129178494214306,2.0083362238740508,-0.0354538947912661,2.0083362238740508,-0.2924539552058829,2.0083362238740508,-0.052321948225821716,2.008336415054855,-0.5130775828799559,2.0083366062444274,-0.4630240118575356,2.00833729938015,0.4444003931498596,2.0083395708046194,-0.5130775828799559,2.0083395708046194,-0.5005641901243507,2.0083395708046194,0.10883803707361595,2.0083397860563825,-0.5130775828799559,2.0083418913259248,0.4440868200407968,2.008343638549446,-0.2878365132790647,2.008343662489097,-0.5130775828799559,2.0083444525746423,-0.3603312650077827,2.008347710264411,-0.08762222918938363
2.008336199977067,21.372846346673306,2.008332640856875,-0.5130775828799559,2.008332640856875,-0.28771137935150864,2.008332616980429,-0.5130775828799559,2.008319148631832,-0.5130775828799559,2.0083051070125033,0.009337531796174393,2.0083009108736793,-0.08989135777811401,2.0083009108736793,-0.41835454079589124,2.0082990867579906,-0.5130775828799559,2.00829906307345,-0.5130775828799559,2.0082971450744975,-0.3368451909796064,2.008297121401038,-0.04896774581107449,2.008296529608454,0.3267705970686322,2.0082956775754255,-0.5113333285503593,2.008294399853964,-0.5129178494214306,2.0083362238740508,-0.0354538947912661,2.0083362238740508,-0.2924539552058829,2.0083362238740508,-0.052321948225821716,2.008336415054855,-0.5130775828799559,2.0083366062444274,-0.4630240118575356,2.00833729938015,0.4444003931498596,2.0083395708046194,-0.5130775828799559,2.0083395708046194,-0.5005641901243507,2.0083395708046194,0.10883803707361595,2.0083397860563825,-0.5130775828799559,2.0083418913259248,0.4440868200407968,2.008343638549446,-0.2878365132790647,2.008343662489097,-0.5130775828799559,2.0083444525746423,-0.3603312650077827,2.008347638376172,-0.08762222918938363
2.008336199977067,21.372846346673306,2.008332640856875,-0.5130775828799559,2.008332640856875,-0.28771137935150864,2.008332616980429,-0.5130775828799559,2.008319148631832,-0.5130775828799559,2.0083051070125033,0.009337531796174393,2.0083009108736793,-0.08989135777811401,2.0083009108736793,-0.41835454079589124,2.0082990867579906,-0.5130775828799559,2.00829906307345,-0.5130775828799559,2.008297121401038,-0.04896774581107449,2.008296529608454,0.3267705970686322,2.008296529608454,-0.32651435916164845,2.008294399853964,-0.5129178494214306,2.0082935009525547,-0.033098699087162606,2.0083362238740508,-0.0354538947912661,2.0083362238740508,-0.2924539552058829,2.0083362238740508,-0.052321948225821716,2.008336415054855,-0.5130775828799559,2.0083366062444274,-0.4630240118575356,2.00833729938015,0.4444003931498596,2.0083395708046194,-0.5130775828799559,2.0083395708046194,-0.5005641901243507,2.0083395708046194,0.10883803707361595,2.0083397860563825,-0.5130775828799559,2.0083418913259248,0.4440868200407968,2.008343638549446,-0.2878365132790647,2.008343662489097,-0.5130775828799559,2.0083444525746423,-0.3603312650077827,2.0083474946034077,-0.08762222918938363
2.008336199977067,21.372846346673306,2.008332640856875,-0.5130775828799559,2.008332640856875,-0.28771137935150864,2.008332616980429,-0.5130775828799559,2.008319148631832,-0.5130775828799559,2.0083051070125033,0.009337531796174393,2.0083009108736793,-0.08989135777811401,2.0083009108736793,-0.41835454079589124,2.0082990867579906,-0.5130775828799559,2.00829906307345,-0.5130775828799559,2.008297121401038,-0.04896774581107449,2.008296529608454,0.3267705970686322,2.008296529608454,-0.32651435916164845,2.0082948020571565,-0.5102397706440542,2.008294399853964,-0.5129178494214306,2.0083362238740508,-0.0354538947912661,2.0083362238740508,-0.2924539552058829,2.0083362238740508,-0.052321948225821716,2.008336415054855,-0.5130775828799559,2.0083366062444274,-0.4630240118575356,2.00833729938015,0.4444003931498596,2.0083395708046194,-0.5130775828799559,2.0083395708046194,-0.5005641901243507,2.0083395708046194,0.10883803707361595,2.0083397860563825,-0.5130775828799559,2.0083418913259248,0.4440868200407968,2.008343638549446,-0.2878365132790647,2.008343662489097,-0.5130775828799559,2.0083444525746423,-0.3603312650077827,2.0083474946034077,-0.08762222918938363
2.008336199977067,21.372846346673306,2.008332640856875,-0.5130775828799559,2.008332640856875,-0.28771137935150864,2.008332616980429,-0.5130775828799559,2.008319148631832,-0.5130775828799559,2.0083051070125033,0.009337531796174393,2.0083009108736793,-0.08989135777811401,2.0083009108736793,-0.41835454079589124,2.0082990867579906,-0.5130775828799559,2.00829906307345,-0.5130775828799559,2.008297121401038,-0.04896774581107449,2.008296529608454,0.3267705970686322,2.008296529608454,-0.32288600082501867,2.0082946600986347,-0.5123915986890936,2.008294399853964,-0.5129178494214306,2.0083362238740508,-0.0354538947912661,2.0083362238740508,-0.2924539552058829,2.0083362238740508,-0.052321948225821716,2.008336415054855,-0.5130775828799559,2.0083366062444274,-0.4630240118575356,2.00833729938015,0.4444003931498596,2.0083395708046194,-0.5130775828799559,2.0083395708046194,-0.5005641901243507,2.0083395708046194,0.10883803707361595,2.0083397860563825,-0.5130775828799559,2.0083418913259248,0.4440868200407968,2.008343638549446,-0.2878365132790647,2.008343662489097,-0.5130775828799559,2.0083444525746423,-0.3603312650077827,2.0083477581905917,0.44515465041159646
2.008336199977067,21.372846346673306,2.008332640856875,-0.5130775828799559,2.008332640856875,-0.28771137935150864,2.008332616980429,-0.5130775828799559,2.008319148631832,-0.5130775828799559,2.0083051070125033,0.009337531796174393,2.0083009108736793,-0.08989135777811401,2.0083009108736793,-0.41835454079589124,2.0082990867579906,-0.5130775828799559,2.00829906307345,-0.5130775828799559,2.008297121401038,-0.04896774581107449,2.008296529608454,0.3267705970686322,2.008296529608454,-0.32288600082501867,2.0082948966988705,-0.5108678803934218,2.008294399853964,-0.5129178494214306,2.0083362238740508,-0.0354538947912661,2.0083362238740508,-0.2924539552058829,2.0083362238740508,-0.052321948225821716,2.0083362238740508,-0.15018919296740893,2.008336415054855,-0.5130775828799559,2.0083366062444274,-0.4630240118575356,2.00833729938015,0.4444003931498596,2.0083395708046194,-0.5130775828799559,2.0083395708046194,-0.5005641901243507,2.0083395708046194,0.10883803707361595,2.0083397860563825,-0.5130775828799559,2.0083418913259248,0.4440868200407968,2.008343638549446,-0.2878365132790647,2.008343662489097,-0.5130775828799559,2.0083444525746423,-0.3603312650077827
2.008336199977067,21.372846346673306,2.008332640856875,-0.5130775828799559,2.008332640856875,-0.28771137935150864,2.008332616980429,-0.5130775828799559,2.008319148631832,-0.5130775828799559,2.0083051070125033,0.009337531796174393,2.0083009108736793,-0.08989135777811401,2.0083009108736793,-0.41835454079589124,2.0082990867579906,-0.5130775828799559,2.00829906307345,-0.5130775828799559,2.008297121401038,-0.04896774581107449,2.008296529608454,0.3267705970686322,2.008296529608454,-0.32288600082501867,2.0082948966988705,-0.5108678803934218,2.008294399853964,-0.5129178494214306,2.0083362238740508,-0.0354538947912661,2.0083362238740508,-0.2924539552058829,2.0083362238740508,-0.052321948225821716,2.0083362238740508,-0.15018919296740893,2.008336415054855,-0.5130775828799559,2.0083366062444274,-0.4630240118575356,2.00833729938015,0.4444003931498596,2.0083395708046194,-0.5130775828799559,2.0083395708046194,-0.5005641901243507,2.0083395708046194,0.10883803707361595,2.0083397860563825,-0.5130775828799559,2.0083418913259248,0.4440868200407968,2.008343638549446,-0.2878365132790647,2.008343662489097,-0.5130775828799559,2.0083444525746423,-0.3603312650077827
2.008336199977067,21.372846346673306,2.008332640856875,-0.5130775828799559,2.008332640856875,-0.28771137935150864,2.008332616980429,-0.5130775828799559,2.008319148631832,-0.5130775828799559,2.0083051070125033,0.009337531796174393,2.0082990867579906,-0.5130775828799559,2.00829906307345,-0.5130775828799559,2.0082971450744975,-0.420058539540993,2.008297121401038,-0.04896774581107449,2.008296529608454,0.3267705970686322,2.008296529608454,-0.32288600082501867,2.00829577223712,-0.5100319607305619,2.0082935009525547,-0.033098699087162606,2.0082904508716664,2.549325026199272,2.0083362238740508,-0.0354538947912661,2.0083362238740508,-0.2924539552058829,2.0083362238740508,-0.052321948225821716,2.0083362238740508,-0.15018919296740893,2.008336415054855,-0.5130775828799559,2.0083366062444274,-0.4630240118575356,2.00833729938015,0.4444003931498596,2.0083395708046194,-0.5130775828799559,2.0083395708046194,-0.5005641901243507,2.0083395708046194,0.10883803707361595,2.0083397860563825,-0.5130775828799559,2.0083418913259248,0.4440868200407968,2.008343638549446,-0.2878365132790647,2.008343662489097,-0.5130775828799559,2.0083441173685617,0.18516973288280678
2.008336199977067,21.372846346673306,2.008332640856875,-0.5130775828799559,2.008332640856875,-0.28771137935150864,2.008332616980429,-0.5130775828799559,2.008319148631832,-0.5130775828799559,2.0083051070125033,0.009337531796174393,2.0082990867579906,-0.5130775828799559,2.00829906307345,-0.5130775828799559,2.0082971450744975,-0.420058539540993,2.0082971450744975,-0.27254861354150856,2.008297121401038,-0.04896774581107449,2.008296529608454,0.3267705970686322,2.008294683758051,-0.5129849086932079,2.0082943052235867,-0.5120478432767043,2.0082935009525547,-0.033098699087162606,2.0083362238740508,-0.0354538947912661,2.0083362238740508,-0.2924539552058829,2.0083362238740508,-0.052321948225821716,2.0083362238740508,-0.15018919296740893,2.008336415054855,-0.5130775828799559,2.0083366062444274,-0.4630240118575356,2.00833729938015,0.4444003931498596,2.0083395708046194,-0.5130775828799559,2.0083395708046194,-0.5005641901243507,2.0083395708046194,0.10883803707361595,2.0083397860563825,-0.5130775828799559,2.0083418913259248,0.4440868200407968,2.008343638549446,-0.2878365132790647,2.008343662489097,-0.5130775828799559,2.0083440694841768,-0.08762222918938363
2.008336199977067,21.372846346673306,2.008332640856875,-0.5130775828799559,2.008332640856875,-0.28771137935150864,2.008332616980429,-0.5130775828799559,2.008319148631832,-0.5130775828799559,2.0083051070125033,0.009337531796174393,2.0082990867579906,-0.5130775828799559,2.00829906307345,-0.5130775828799559,2.0082971450744975,-0.420058539540993,2.0082971450744975,-0.27254861354150856,2.008297121401038,-0.04896774581107449,2.008296529608454,0.3267705970686322,2.008294683758051,-0.5129849086932079,2.0082943288809787,-0.512169210673041,2.0082935009525547,-0.033098699087162606,2.0083362238740508,-0.048092421474427216,2.0083362238740508,-0.2924539552058829,2.0083362238740508,-0.052321948225821716,2.0083362238740508,-0.15018919296740893,2.008336415054855,-0.5130775828799559,2.0083366062444274,-0.4630240118575356,2.00833729938015,0.4444003931498596,2.0083395708046194,-0.5130775828799559,2.0083395708046194,-0.5005641901243507,2.0083395708046194,0.10883803707361595,2.0083397860563825,-0.5130775828799559,2.008341364908899,0.18516973288280678,2.0083418913259248,0.4440868200407968,2.008343638549446,-0.2878365132790647,2.008343662489097,-0.5130775828799559
2.008336199977067,21.372846346673306,2.008332640856875,-0.5130775828799559,2.008332640856875,-0.28771137935150864,2.008332616980429,-0.5130775828799559,2.008319148631832,-0.5130775828799559,2.0082990867579906,-0.5130775828799559,2.00829906307345,-0.5130775828799559,2.0082971450744975,-0.420058539540993,2.0082971450744975,-0.27254861354150856,2.008297121401038,-0.04896774581107449,2.008296529608454,0.3267705970686322,2.008294683758051,-0.5129849086932079,2.0082944235118956,-0.510268251125966,2.0082935009525547,-0.033098699087162606,2.008282634948846,3.2197279658576163,2.0083362238740508,-0.048092421474427216,2.0083362238740508,-0.2924539552058829,2.0083362238740508,-0.052321948225821716,2.0083362238740508,-0.15018919296740893,2.008336415054855,-0.5130775828799559,2.0083366062444274,-0.4630240118575356,2.00833729938015,0.4444003931498596,2.0083395708046194,-0.5130775828799559,2.0083395708046194,-0.5005641901243507,2.0083395708046194,0.10883803707361595,2.0083397860563825,-0.5130775828799559,2.008341364908899,0.18516973288280678,2.0083418913259248,0.4440868200407968,2.0083435667313188,-0.2878365132790647,2.0083435906705573,-0.08762222918938363
2.008336199977067,21.297765990139677,2.008332640856875,-0.5130775828799559,2.008332640856875,-0.28771137935150864,2.008332616980429,-0.5130775828799559,2.008319148631832,-0.5130775828799559,2.0083050121376553,-0.02043235513190577,2.0082990867579906,-0.5130775828799559,2.00829906307345,-0.5130775828799559,2.0082971450744975,-0.420058539540993,2.0082971450744975,-0.27254861354150856,2.008297121401038,-0.04896774581107449,2.008294683758051,-0.5129849086932079,2.0082944235118956,-0.510268251125966,2.0082935009525547,-0.033098699087162606,2.0082904036012508,2.5484866288846466,2.0083362238740508,-0.048092421474427216,2.0083362238740508,-0.2924539552058829,2.0083362238740508,-0.052321948225821716,2.0083362238740508,-0.15018919296740893,2.008336415054855,-0.5130775828799559,2.0083366062444274,-0.4630240118575356,2.00833729938015,0.4444003931498596,2.0083395708046194,-0.5130775828799559,2.0083395708046194,-0.5005641901243507,2.0083395708046194,0.10883803707361595,2.0083397860563825,-0.5130775828799559,2.008341364908899,0.18516973288280678,2.0083418913259248,0.4440868200407968,2.0083435906705573,-0.2878365132790647,2.008343614609933,-0.08762222918938363
2.008336199977067,21.297765990139677,2.008332640856875,-0.5130775828799559,2.008332640856875,-0.28771137935150864,2.008332616980429,-0.5130775828799559,2.008319148631832,-0.5130775828799559,2.0083050121376553,-0.02043235513190577,2.0082990867579906,-0.5130775828799559,2.00829906307345,-0.5130775828799559,2.008297523868221,-0.42392108602304385,2.008297523868221,-0.30738085607583254,2.0082975001926,-0.04462372151596624,2.008297121401038,-0.04896774581107449,2.008294683758051,-0.5129849086932079,2.008294234252221,-0.5119303550321219,2.0082935009525547,-0.033098699087162606,2.0083362238740508,-0.048092421474427216,2.0083362238740508,-0.2924539552058829,2.0083362238740508,-0.052321948225821716,2.0083362238740508,-0.15018919296740893,2.008336415054855,-0.5130775828799559,2.0083366062444274,-0.4630240118575356,2.00833729938015,0.4444003931498596,2.0083395708046194,-0.5130775828799559,2.0083395708046194,-0.5005641901243507,2.0083395708046194,0.10883803707361595,2.0083397860563825,-0.5130775828799559,2.008341364908899,0.18516973288280678,2.0083418913259248,0.4440868200407968,2.0083435906705573,-0.2878365132790647,2.008343614609933,-0.08762222918938363
2.008336199977067,21.28525259738407,2.008332640856875,-0.5130775828799559,2.008332640856875,-0.28771137935150864,2.008332616980429,-0.5130775828799559,2.008319148631832,-0.5130775828799559,2.0083050121376553,-0.02043235513190577,2.0082990867579906,-0.5130775828799559,2.00829906307345,-0.5130775828799559,2.008297523868221,-0.42392108602304385,2.008297523868221,-0.30738085607583254,2.0082975001926,-0.04462372151596624,2.008297121401038,-0.04896774581107449,2.008294683758051,-0.5129849086932079,2.0082935719113717,-0.5112303308145879,2.0082935009525547,-0.033098699087162606,2.0083362238740508,-0.048092421474427216,2.0083362238740508,-0.2924539552058829,2.0083362238740508,-0.052321948225821716,2.0083362238740508,-0.15018919296740893,2.008336415054855,-0.5130775828799559,2.0083366062444274,-0.4630240118575356,2.00833729938015,0.4444003931498596,2.0083395708046194,-0.5130775828799559,2.0083395708046194,-0.5005641901243507,2.0083395708046194,0.10883803707361595,2.0083397860563825,-0.5130775828799559,2.008341364908899,0.18516973288280678,2.0083418913259248,0.4440868200407968,2.0083435906705573,-0.2878365132790647,2.008343614609933,-0.08762222918938363
2.008336199977067,21.28525259738407,2.008332640856875,-0.5130775828799559,2.008332640856875,-0.28771137935150864,2.008332616980429,-0.5130775828799559,2.008319148631832,-0.5130775828799559,2.0083050121376553,-0.02043235513190577,2.008300697623968,-0.5118534226934605,2.0082990867579906,-0.5130775828799559,2.00829906307345,-0.5130775828799559,2.008297523868221,-0.42392108602304385,2.008297523868221,-0.30738085607583254,2.0082975001926,-0.04462372151596624,2.008297121401038,-0.04896774581107449,2.008294683758051,-0.5129849086932079,2.0082935009525547,-0.033098699087162606,2.0083362238740508,-0.048092421474427216,2.0083362238740508,-0.2924539552058829,2.0083362238740508,-0.052321948225821716,2.0083362238740508,-0.15018919296740893,2.008336415054855,-0.5130775828799559,2.0083366062444274,-0.4630240118575356,2.00833729938015,0.4444003931498596,2.0083395708046194,-0.5130775828799559,2.0083395708046194,-0.5005641901243507,2.0083395708046194,0.10883803707361595,2.0083397860563825,-0.5130775828799559,2.008341364908899,0.18516973288280678,2.0083418673964366,-0.2878365132790647,2.0083418913259248,0.4440868200407968,2.008343662489097,-0.5130775828799559
2.008336199977067,21.28525259738407,2.008332640856875,-0.5130775828799559,2.008332640856875,-0.28771137935150864,2.008332616980429,-0.5130775828799559,2.008319148631832,-0.5130775828799559,2.0083050121376553,-0.02043235513190577,2.008300484385213,-0.510877803513877,2.0082990867579906,-0.5130775828799559,2.00829906307345,-0.5130775828799559,2.008297523868221,-0.42392108602304385,2.008297523868221,-0.30738085607583254,2.0082975001926,-0.04462372151596624,2.008297121401038,-0.04896774581107449,2.008294683758051,-0.5129849086932079,2.0082935009525547,-0.033098699087162606,2.0083362238740508,-0.048092421474427216,2.0083362238740508,-0.2924539552058829,2.0083362238740508,-0.052321948225821716,2.0083362238740508,-0.15018919296740893,2.008336415054855,-0.5130775828799559,2.0083366062444274,-0.4630240118575356,2.0083369647485148,0.18391839360724627,2.00833729938015,0.4444003931498596,2.0083395708046194,-0.5130775828799559,2.0083395708046194,-0.5005641901243507,2.0083395708046194,0.10883803707361595,2.0083397860563825,-0.5130775828799559,2.0083418673964366,-0.2878365132790647,2.0083418913259248,0.4440868200407968,2.008343662489097,-0.5130775828799559
2.008336199977067,21.27273920462847,2.008332640856875,-0.5130775828799559,2.008332640856875,-0.28771137935150864,2.008332616980429,-0.5130775828799559,2.008319148631832,-0.5130775828799559,2.0083050121376553,-0.02043235513190577,2.008300484385213,-0.5115869374813372,2.0082990867579906,-0.5130775828799559,2.00829906307345,-0.5130775828799559,2.008297523868221,-0.42392108602304385,2.008297523868221,-0.30738085607583254,2.0082975001926,-0.04462372151596624,2.008297121401038,-0.04896774581107449,2.008294683758051,-0.5129849086932079,2.0082935009525547,-0.033098699087162606,2.0083362238740508,-0.048092421474427216,2.0083362238740508,-0.2924539552058829,2.0083362238740508,-0.052321948225821716,2.0083362238740508,-0.15018919296740893,2.008336415054855,-0.5130775828799559,2.0083366062444274,-0.4630240118575356,2.0083369647485148,0.18391839360724627,2.00833729938015,0.4444003931498596,2.0083395708046194,-0.5130775828799559,2.0083395708046194,-0.5005641901243507,2.0083395708046194,0.10883803707361595,2.0083397860563825,-0.5130775828799559,2.0083418434670857,-0.08762222918938363,2.0083418673964366,-0.2878365132790647,2.0083418913259248,0.4440868200407968
2.008336199977067,21.27273920462847,2.008332640856875,-0.5130775828799559,2.008332640856875,-0.28771137935150864,2.008332616980429,-0.5130775828799559,2.008319148631832,-0.5130775828799559,2.0083050121376553,-0.02043235513190577,2.0083006502366314,-0.5106159357436805,2.0082990867579906,-0.5130775828799559,2.00829906307345,-0.5130775828799559,2.008297523868221,-0.42392108602304385,2.008297523868221,-0.30738085607583254,2.0082975001926,-0.04462372151596624,2.008297121401038,-0.04896774581107449,2.008294683758051,-0.5129849086932079,2.0082935009525547,-0.033098699087162606,2.0083362238740508,-0.048092421474427216,2.0083362238740508,-0.2924539552058829,2.0083362238740508,-0.052321948225821716,2.0083362238740508,-0.15018919296740893,2.008336415054855,-0.5130775828799559,2.0083366062444274,-0.4630240118575356,2.0083369647485148,0.18391839360724627,2.00833729938015,0.4444003931498596,2.0083395708046194,-0.5130775828799559,2.0083395708046194,-0.5005641901243507,2.0083395708046194,0.10883803707361595,2.0083397860563825,-0.5130775828799559,2.0083418434670857,-0.08762222918938363,2.0083418673964366,-0.2878365132790647,2.0083418913259248,0.4440868200407968
2.008336199977067,21.160118669828016,2.008332640856875,-0.5130775828799559,2.008332640856875,-0.28771137935150864,2.008332616980429,-0.5130775828799559,2.008319148631832,-0.5130775828799559,2.0083050121376553,-0.02043235513190577,2.008300413308063,-0.5110630142400527,2.0082990867579906,-0.5130775828799559,2.00829906307345,-0.5130775828799559,2.008297523868221,-0.42392108602304385,2.008297523868221,-0.30738085607583254,2.0082975001926,-0.04462372151596624,2.008297121401038,-0.04896774581107449,2.008294683758051,-0.5129849086932079,2.0082935009525547,-0.033098699087162606,2.0083362238740508,-0.048092421474427216,2.0083362238740508,-0.2924539552058829,2.0083362238740508,-0.052321948225821716,2.0083362238740508,-0.15018919296740893,2.008336415054855,-0.5130775828799559,2.0083366062444274,-0.4630240118575356,2.0083369647485148,0.18391839360724627,2.00833729938015,0.4444003931498596,2.0083395708046194,-0.5130775828799559,2.0083395708046194,-0.5005641901243507,2.0083395708046194,0.10883803707361595,2.0083397860563825,-0.5130775828799559,2.0083418195378724,-0.2878365132790647,2.0083418434670857,-0.08762222918938363,2.0083418913259248,0.4440868200407968
2.008336199977067,21.160118669828016,2.008332640856875,-0.5130775828799559,2.008332640856875,-0.28771137935150864,2.008332616980429,-0.5130775828799559,2.008319148631832,-0.5130775828799559,2.0083050121376553,-0.02043235513190577,2.008300413308063,-0.5110630142400527,2.0082990867579906,-0.5130775828799559,2.00829906307345,-0.5130775828799559,2.008297523868221,-0.42392108602304385,2.008297523868221,-0.30738085607583254,2.0082975001926,-0.04462372151596624,2.008297121401038,-0.04896774581107449,2.008294683758051,-0.5129849086932079,2.0082935009525547,-0.033098699087162606,2.0083362238740508,-0.048092421474427216,2.0083362238740508,-0.2924539552058829,2.0083362238740508,-0.052321948225821716,2.0083362238740508,-0.15018919296740893,2.008336415054855,-0.5130775828799559,2.0083366062444274,-0.4630240118575356,2.0083369647485148,0.18391839360724627,2.00833729938015,0.4444003931498596,2.0083395708046194,-0.5130775828799559,2.0083395708046194,-0.5005641901243507,2.0083395708046194,0.10883803707361595,2.0083397860563825,-0.5130775828799559,2.0083418195378724,-0.2878365132790647,2.0083418434670857,-0.08762222918938363,2.0083418913259248,0.4440868200407968
2.008336199977067,21.160118669828016,2.008332640856875,-0.5130775828799559,2.008332640856875,-0.28771137935150864,2.008332616980429,-0.5130775828799559,2.008319148631832,-0.5130775828799559,2.0083050121376553,-0.02043235513190577,2.008300413308063,-0.5110630142400527,2.0082990867579906,-0.5130775828799559,2.00829906307345,-0.5130775828799559,2.008297523868221,-0.42392108602304385,2.008297523868221,-0.30738085607583254,2.0082975001926,-0.04462372151596624,2.008297121401038,-0.04896774581107449,2.008294683758051,-0.5129849086932079,2.0082935009525547,-0.033098699087162606,2.0083362238740508,-0.048092421474427216,2.0083362238740508,-0.2924539552058829,2.0083362238740508,-0.052321948225821716,2.0083362238740508,-0.15018919296740893,2.008336415054855,-0.5130775828799559,2.0083366062444274,-0.4630240118575356,2.0083369647485148,0.18391839360724627,2.00833729938015,0.4444003931498596,2.0083395708046194,-0.5130775828799559,2.0083395708046194,-0.5005641901243507,2.0083395708046194,0.10883803707361595,2.0083397860563825,-0.5130775828799559,2.0083418195378724,-0.2878365132790647,2.0083418434670857,-0.08762222918938363,2.0083418913259248,0.4440868200407968
2.008336199977067,21.160118669828016,2.008332640856875,-0.5130775828799559,2.008332640856875,-0.28771137935150864,2.008332616980429,-0.5130775828799559,2.008319148631832,-0.5130775828799559,2.0083050121376553,-0.02043235513190577,2.0083009108736793,-0.5016659943564818,2.008300887178726,-0.5017775762796836,2.0082990867579906,-0.5130775828799559,2.00829906307345,-0.5130775828799559,2.008297523868221,-0.42392108602304385,2.008297523868221,-0.30738085607583254,2.0082975001926,-0.04462372151596624,2.008297121401038,-0.04896774581107449,2.008294683758051,-0.5129849086932079,2.0083362238740508,-0.048092421474427216,2.0083362238740508,-0.2924539552058829,2.0083362238740508,-0.052321948225821716,2.0083362238740508,-0.15018919296740893,2.008336415054855,-0.5130775828799559,2.0083366062444274,-0.4630240118575356,2.0083369647485148,0.18391839360724627,2.00833729938015,0.4444003931498596,2.0083395708046194,-0.5130775828799559,2.0083395708046194,-0.5005641901243507,2.0083395708046194,0.10883803707361595,2.0083397860563825,-0.5130775828799559,2.0083418195378724,-0.2878365132790647,2.0083418434670857,-0.08762222918938363,2.0083418913259248,0.4440868200407968
2.008336199977067,21.160118669828016,2.00833617608022,-0.2046718668422829,2.008332640856875,-0.5130775828799559,2.008332640856875,-0.28771137935150864,2.008332616980429,-0.5130775828799559,2.008319148631832,-0.5130775828799559,2.0083050121376553,-0.02043235513190577,2.0083009108736793,-0.5016659943564818,2.008300887178726,-0.5017775762796836,2.0082990867579906,-0.5130775828799559,2.00829906307345,-0.5130775828799559,2.008297523868221,-0.42392108602304385,2.008297523868221,-0.30738085607583254,2.0082975001926,-0.04462372151596624,2.008297121401038,-0.04896774581107449,2.0083362238740508,-0.048092421474427216,2.0083362238740508,-0.2924539552058829,2.0083362238740508,-0.052321948225821716,2.0083362238740508,-0.15018919296740893,2.008336415054855,-0.5130775828799559,2.0083366062444274,-0.4630240118575356,2.0083369647485148,0.18391839360724627,2.00833729938015,0.4444003931498596,2.0083395229724035,-0.5130775828799559,2.008339546888443,-0.2878365132790647,2.0083395708046194,0.10883803707361595,2.0083397860563825,-0.5130775828799559,2.0083418434670857,-0.08762222918938363,2.0083418913259248,0.4440868200407968,2.0083433752223563,-0.2878365132790647
2.008336199977067,21.122578491561207,2.00833617608022,-0.2046718668422829,2.008332640856875,-0.5130775828799559,2.008332640856875,-0.28771137935150864,2.008332616980429,-0.5130775828799559,2.0083314233325695,-0.5130775828799559,2.008319148631832,-0.5130775828799559,2.0083050121376553,-0.02043235513190577,2.008300887178726,-0.5017775762796836,2.0082990867579906,-0.5130775828799559,2.00829906307345,-0.5130775828799559,2.008297523868221,-0.42392108602304385,2.008297523868221,-0.30738085607583254,2.0082975001926,-0.04462372151596624,2.008297121401038,-0.04896774581107449,2.0083372754769995,-0.4630240118575356,2.00833729938015,0.20381090904404622,2.008338016538404,-0.5130775828799559,2.008339451225108,-0.5130775828799559,2.0083395229724035,0.10883803707361595,2.0083397860563825,-0.5130775828799559,2.0083409821018816,-0.5130775828799559,2.0083418913259248,0.4440868200407968,2.0083433752223563,-0.2878365132790647,2.0083433991604958,-0.3603520747799352,2.008343662489097,-0.5130775828799559,2.008347710264411,-0.08762222918938363,2.0083477581905917,0.44515465041159646,2.008356537956441,-0.08762222918938363,2.008356898176886,0.4440868200407968
2.008336199977067,21.122578491561207,2.00833617608022,-0.2046718668422829,2.008332640856875,-0.5130775828799559,2.008332640856875,-0.28771137935150864,2.008332616980429,-0.5130775828799559,2.0083314233325695,-0.5130775828799559,2.008319148631832,-0.5130775828799559,2.008306482941432,-0.4762264420718353,2.0083050121376553,-0.02043235513190577,2.008302830614261,-0.4989137236734575,2.0082990867579906,-0.5130775828799559,2.00829906307345,-0.5130775828799559,2.008297523868221,-0.42392108602304385,2.008297523868221,-0.30738085607583254,2.0082975001926,-0.04462372151596624,2.0083372754769995,-0.4630240118575356,2.00833729938015,0.20381090904404622,2.008338016538404,-0.5130775828799559,2.0083393316490254,-0.5130775828799559,2.0083397860563825,-0.5130775828799559,2.0083409581776097,-0.2878365132790647,2.0083409821018816,-0.5130775828799559,2.0083418913259248,0.4440868200407968,2.0083433752223563,-0.2878365132790647,2.0083433991604958,-0.3603520747799352,2.008343662489097,-0.5130775828799559,2.008347638376172,-0.08762222918938363,2.0083477581905917,0.44515465041159646,2.008356898176886,0.4440868200407968,2.008357906959366,2.0521679320190827
2.008336199977067,21.122578491561207,2.00833617608022,-0.2046718668422829,2.008332640856875,-0.5130775828799559,2.008332640856875,-0.28771137935150864,2.008332616980429,-0.5130775828799559,2.0083314233325695,-0.5130775828799559,2.008319148631832,-0.5130775828799559,2.008306482941432,-0.4762264420718353,2.0083050121376553,-0.02043235513190577,2.008302830614261,-0.4989137236734575,2.0082990867579906,-0.5130775828799559,2.00829906307345,-0.5130775828799559,2.008297523868221,-0.42392108602304385,2.008297523868221,-0.30738085607583254,2.0082975001926,-0.04462372151596624,2.0083372754769995,-0.4630240118575356,2.00833729938015,0.20381090904404622,2.008338016538404,-0.5130775828799559,2.0083393794790467,-0.5005641901243507,2.008339403394263,-0.5130775828799559,2.008339427309617,0.10883803707361595,2.0083397860563825,-0.5130775828799559,2.0083409581776097,-0.2878365132790647,2.0083409821018816,-0.5130775828799559,2.0083418913259248,0.4440868200407968,2.0083433752223563,-0.2878365132790647,2.0083433991604958,-0.3603520747799352,2.008343662489097,-0.5130775828799559,2.0083477581905917,0.44515465041159646,2.008356898176886,0.4440868200407968
2.0083362716684294,-0.28771137935150864,2.008336199977067,21.122578491561207,2.00833617608022,-0.2046718668422829,2.008335483131252,-0.5130775828799559,2.008332640856875,-0.5130775828799559,2.008332616980429,-0.5130775828799559,2.0083314233325695,-0.5130775828799559,2.008319148631832,-0.5130775828799559,2.008306482941432,-0.4762264420718353,2.0083050121376553,-0.02043235513190577,2.008302664675702,-0.5008938429431045,2.0082990867579906,-0.5130775828799559,2.00829906307345,-0.5130775828799559,2.008297523868221,-0.42392108602304385,2.008297523868221,-0.30738085607583254,2.008337251573986,0.18391839360724627,2.00833729938015,0.20381090904404622,2.0083397860563825,0.10883803707361595,2.0083405993299985,-0.5130775828799559,2.0083409103294776,-0.5130775828799559,2.0083418913259248,0.4440868200407968,2.0083421784904902,-0.5130775828799559,2.0083433752223563,-0.2878365132790647,2.0083433991604958,-0.3603520747799352,2.008343662489097,-0.5130775828799559,2.008347566489171,-0.08762222918938363,2.0083477581905917,0.44515465041159646,2.008356778099954,-0.08762222918938363,2.0083568261303126,-0.2753231205234596,2.0083568501456988,-0.08762222918938363
2.0083362716684294,-0.28771137935150864,2.008336199977067,21.122578491561207,2.00833617608022,-0.2046718668422829,2.008335483131252,-0.5130775828799559,2.008331447202175,-0.5130775828799559,2.0083314233325695,-0.5130775828799559,2.008319148631832,-0.5130775828799559,2.008306482941432,-0.4762264420718353,2.0083050121376553,-0.02043235513190577,2.0082990867579906,-0.5130775828799559,2.00829906307345,-0.5130775828799559,2.008297523868221,-0.42392108602304385,2.008297523868221,-0.30738085607583254,2.0082975001926,-0.04462372151596624,2.008297121401038,-0.04896774581107449,2.0083372754769995,0.18391839360724627,2.00833729938015,0.20381090904404622,2.0083397621389714,-0.5130775828799559,2.0083397621389714,-0.5005641901243507,2.0083397621389714,0.10883803707361595,2.0083407907115487,-0.5130775828799559,2.0083418195378724,-0.2878365132790647,2.0083418195378724,-0.37148720491725973,2.0083418434670857,-0.08762222918938363,2.0083418913259248,0.4440868200407968,2.0083421784904902,-0.5130775828799559,2.0083433752223563,-0.2878365132790647,2.0083433991604958,-0.3603520747799352,2.008343662489097,-0.5130775828799559,2.0083476863015273,-0.2878365132790647
2.008336199977067,21.122578491561207,2.00833617608022,-0.2046718668422829,2.0083314233325695,-0.5130775828799559,2.008319148631832,-0.5130775828799559,2.008306482941432,-0.4762264420718353,2.0083050121376553,-0.02043235513190577,2.0082990867579906,-0.5130775828799559,2.00829906307345,-0.5130775828799559,2.008297523868221,-0.42392108602304385,2.008297523868221,-0.30738085607583254,2.0082975001926,-0.04462372151596624,2.008297121401038,-0.04896774581107449,2.0082948730382397,-0.4762264420718353,2.008294683758051,-0.5129849086932079,2.0082935009525547,-0.033098699087162606,2.0083372754769995,-0.07886285426046007,2.00833729938015,0.20381090904404622,2.0083397621389714,-0.5130775828799559,2.0083397621389714,-0.5005641901243507,2.0083397621389714,0.10883803707361595,2.0083407428653377,-0.5130775828799559,2.0083417956087963,-0.2878365132790647,2.0083418195378724,-0.37148720491725973,2.0083418913259248,0.4440868200407968,2.0083421784904902,-0.5130775828799559,2.0083433752223563,-0.2878365132790647,2.0083433991604958,-0.3603520747799352,2.008343662489097,-0.5130775828799559,2.008347638376172,-0.08762222918938363,2.0083477581905917,0.44515465041159646
2.008336199977067,21.122578491561207,2.00833617608022,-0.2046718668422829,2.008332640856875,-0.5130775828799559,2.008332640856875,-0.28771137935150864,2.0083314233325695,-0.5130775828799559,2.008319148631832,-0.5130775828799559,2.008306482941432,-0.4762264420718353,2.0083059372598977,0.021349850765666766,2.0082990867579906,-0.5130775828799559,2.00829906307345,-0.5130775828799559,2.008297523868221,-0.42392108602304385,2.0082975001926,-0.04462372151596624,2.008297121401038,-0.04896774581107449,2.0082948730382397,-0.4762264420718353,2.008294683758051,-0.5129849086932079,2.0083372754769995,0.06504116242899818,2.00833729938015,0.20381090904404622,2.008338016538404,-0.5130775828799559,2.0083397621389714,-0.5130775828799559,2.0083397621389714,-0.5005641901243507,2.0083397621389714,0.10883803707361595,2.0083418913259248,0.4440868200407968,2.0083421784904902,-0.5130775828799559,2.0083433991604958,-0.3603520747799352,2.008343662489097,-0.5130775828799559,2.0083476863015273,-0.2878365132790647,2.0083477581905917,0.44515465041159646,2.008355097385153,1.927034004463032,2.0083568741612234,-0.2753231205234596,2.008356898176886,0.4440868200407968
2.008336199977067,21.122578491561207,2.00833617608022,-0.2046718668422829,2.008332664733458,-0.28771137935150864,2.008332664733458,-0.5130775828799559,2.008332640856875,-0.5130775828799559,2.0083314233325695,-0.5130775828799559,2.008319148631832,-0.5130775828799559,2.008306482941432,-0.4762264420718353,2.0083059372598977,0.021349850765666766,2.0082990867579906,-0.5130775828799559,2.00829906307345,-0.5130775828799559,2.008297523868221,-0.42392108602304385,2.008297523868221,-0.3010588022476675,2.0082975001926,-0.04462372151596624,2.008297121401038,-0.04896774581107449,2.0083372754769995,0.06504116242899818,2.00833729938015,0.20381090904404622,2.008338016538404,-0.5130775828799559,2.0083397143045603,-0.5130775828799559,2.0083397143045603,-0.5005641901243507,2.0083397621389714,0.10883803707361595,2.0083418673964366,-0.2878365132790647,2.0083418913259248,0.4440868200407968,2.0083421784904902,-0.5130775828799559,2.0083433991604958,-0.3603520747799352,2.008343662489097,-0.5130775828799559,2.008347566489171,-0.08762222918938363,2.0083477581905917,0.44515465041159646,2.0083550493746642,-0.08762222918938363,2.008355097385153,1.927034004463032
2.008336199977067,21.085038313294387,2.00833617608022,-0.2046718668422829,2.008332664733458,-0.28771137935150864,2.008332640856875,-0.5130775828799559,2.0083314233325695,-0.5130775828799559,2.008319148631832,-0.5130775828799559,2.008306482941432,-0.4762264420718353,2.0083059372598977,0.021349850765666766,2.0082990867579906,-0.5130775828799559,2.00829906307345,-0.5130775828799559,2.008297523868221,-0.42392108602304385,2.008297523868221,-0.3010588022476675,2.0082975001926,-0.04462372151596624,2.008297121401038,-0.04896774581107449,2.0082948730382397,-0.4762264420718353,2.0083372754769995,0.06504116242899818,2.00833729938015,0.20381090904404622,2.008338016538404,-0.5130775828799559,2.0083397143045603,-0.5130775828799559,2.0083397143045603,-0.5005641901243507,2.0083397143045603,0.10883803707361595,2.0083418673964366,-0.2878365132790647,2.0083418913259248,0.4440868200407968,2.0083421784904902,-0.5130775828799559,2.0083433991604958,-0.3603520747799352,2.008343662489097,-0.5130775828799559,2.008347710264411,-0.08762222918938363,2.0083477581905917,0.44515465041159646,2.0083550493746642,-0.08762222918938363,2.008355097385153,1.927034004463032
2.008336199977067,19.299659944719036,2.00833617608022,-0.2046718668422829,2.008332736364027,-0.5130775828799559,2.008332712487034,-0.28771137935150864,2.008332640856875,-0.5130775828799559,2.0083314233325695,-0.5130775828799559,2.008319148631832,-0.5130775828799559,2.008306482941432,-0.4762264420718353,2.0083059372598977,0.021349850765666766,2.0083056525849488,-0.5001154348333493,2.0082990867579906,-0.5130775828799559,2.00829906307345,-0.5130775828799559,2.008297523868221,-0.42392108602304385,2.0082975001926,-0.04462372151596624,2.008297121401038,-0.04896774581107449,2.0083372754769995,0.06504116242899818,2.00833729938015,0.20381090904404622,2.008338016538404,-0.5130775828799559,2.0083396186373843,-0.2878365132790647,2.0083396425539726,-0.5130775828799559,2.008339666470698,-0.5005641901243507,2.0083396903875603,0.10883803707361595,2.0083418913259248,0.4440868200407968,2.0083421784904902,-0.5130775828799559,2.008343638549446,-0.2878365132790647,2.008343662489097,-0.5130775828799559,2.0083477342274327,-0.2878365132790647,2.0083477581905917,0.44515465041159646,2.0083477581905917,-0.36026593258420564,2.008356802115064,-0.2753231205234596
2.008336199977067,19.212066195429802,2.00833617608022,-0.2046718668422829,2.008332736364027,-0.28771137935150864,2.008332640856875,-0.5130775828799559,2.0083314233325695,-0.5130775828799559,2.008319148631832,-0.5130775828799559,2.008306482941432,-0.4762264420718353,2.0083059372598977,0.021349850765666766,2.0083056525849488,-0.5001154348333493,2.0082990867579906,-0.5130775828799559,2.00829906307345,-0.5130775828799559,2.008297523868221,-0.42392108602304385,2.0082975001926,-0.04462372151596624,2.0082948730382397,-0.4762264420718353,2.008294683758051,-0.5129849086932079,2.0083372754769995,0.06504116242899818,2.00833729938015,0.20381090904404622,2.008338016538404,-0.5130775828799559,2.008339666470698,-0.5130775828799559,2.0083418913259248,0.4440868200407968,2.0083421784904902,-0.5130775828799559,2.008343638549446,-0.2878365132790647,2.008343662489097,-0.5130775828799559,2.0083477581905917,0.44515465041159646,2.0083567540849816,-0.08762222918938363,2.008356898176886,0.4440868200407968,2.008360550163301,-0.08762222918938363,2.0083605982370294,2.5488495172745593,2.008362257119277,-0.2753231205234596,2.0083622811658883,0.4440244032377319
