2.0084994695138527,-0.3909600336744293,2.008499444671772,-0.2541522118559616,2.0084993701464007,-0.5005641901243507,2.0084991714184675,-0.46698413777629466,2.0084938092748423,-0.5130775828799559,2.0084937596569783,-0.5130775828799559,2.0084910563598246,-0.5130775828799559,2.008489271639177,-0.46698413777629466,2.0084821402528306,-0.4598404670931894,2.0084699604754594,-0.15797867985063102,2.0084699604754594,-0.48881413935362317,2.00846988646624,-0.47061084434508066,2.0084661383578952,1.6642527565953258,2.0084604239521933,-0.46698413777629466,2.0084532426382955,0.3878866955236089,2.008505087551512,-0.48805079736874574,2.008505187052695,-0.4505106191019305,2.008505211928355,-0.5130775828799559,2.0085052368041603,2.5966131374227035,2.0085053363088363,1.9147885734998955,2.0085054358158403,4.229498271494364,2.008505808987844,0.12635678693146304,2.008505983145985,-0.5130775828799559,2.008508521688245,-0.08762222918938363,2.008508546583415,-0.5005641901243507,2.00850857147873,0.6259682204265584,2.008510713020981,-0.19899142471426867,2.008512780880786,-0.32361078904681617,2.0085171441207397,-0.08762222918938363,2.00851719401219,1.0385831188150725
2.0084995937264347,-0.4630240118575356,2.008499568883628,-0.4004570480795102,2.008499568883628,-0.3909600336744293,2.0084995191984496,-0.2541522118559616,2.0084993701464007,-0.5005641901243507,2.0084991714184675,-0.46698413777629466,2.0084967874079247,-0.5130775828799559,2.0084937596569783,-0.5130775828799559,2.0084910563598246,-0.5130775828799559,2.008489271639177,-0.46698413777629466,2.0084821402528306,-0.4598404670931894,2.0084762806966405,-0.48152158432351166,2.0084699604754594,-0.15797867985063102,2.00846988646624,-0.47061084434508066,2.00846988646624,13.775361383062872,2.0085050626765795,-0.5130775828799559,2.0085050626765795,-0.48805079736874574,2.0085051124265894,-0.5130775828799559,2.0085051124265894,-0.4505106191019305,2.0085051373018126,2.5987153874056457,2.0085053363088363,1.9147885734998955,2.0085054358158403,4.229498271494364,2.008505883626174,-0.5130775828799559,2.0085059085059083,0.12635678693146304,2.008508496793221,-0.5005641901243507,2.008508521688245,-0.08762222918938363,2.00850857147873,0.6259682204265584,2.008510713020981,-0.19899142471426867,2.008512780880786,-0.32361078904681617,2.0085171441207397,-0.08762222918938363
2.0084997427863254,-0.4004570480795102,2.008499693099114,-0.5005641901243507,2.008499693099114,-0.2541522118559616,2.008499668255727,-0.3909600336744293,2.008499196258951,-0.5130775828799559,2.0084991714184675,-0.46698413777629466,2.0084937596569783,-0.5130775828799559,2.0084910563598246,-0.5130775828799559,2.008489271639177,-0.46698413777629466,2.0084821402528306,-0.4598404670931894,2.0084762806966405,-0.48152158432351166,2.0084699604754594,-0.15797867985063102,2.00846988646624,-0.47061084434508066,2.00846988646624,13.775361383062872,2.0084661383578952,1.6642527565953258,2.008505012927152,-0.48805079736874574,2.008505037801793,-0.4505106191019305,2.008505037801793,-0.5130775828799559,2.0085050626765795,-0.5130775828799559,2.0085051373018126,2.5987153874056457,2.0085053363088363,1.9147885734998955,2.008505808987844,0.12635678693146304,2.0085058338671415,-0.5130775828799559,2.008508521688245,-0.08762222918938363,2.00850857147873,0.6259682204265584,2.008510713020981,-0.19899142471426867,2.008512780880786,-0.32361078904681617,2.0085171441207397,-0.08762222918938363,2.00851719401219,1.0385831188150725,2.008517717907711,-0.5094074423249152
2.0084821402528306,-0.5130775828799559,2.0084762806966405,-0.5130775828799559,2.0084699604754594,-0.513433426229747,2.00846988646624,-0.47061084434508066,2.00846988646624,13.775361383062872,2.0084661383578952,1.6642527565953258,2.0084638467426705,-0.016121391220457793,2.0084604239521933,-0.46698413777629466,2.0084513509664705,-0.5130775828799559,2.0084512281599105,0.3878866955236089,2.008449239190756,0.6161364602518723,2.008448134612368,-0.28765434330732853,2.0084468585703084,-0.13642446093624336,2.0084342905537684,0.9751552836690324,2.0084342660912338,0.5469160004117641,2.008504963178306,-0.3003499060346697,2.008504988052656,-0.4505106191019305,2.008505037801793,-0.5130775828799559,2.0085050626765795,-0.5130775828799559,2.0085051124265894,-0.48805079736874574,2.0085051124265894,-0.5130775828799559,2.0085051373018126,2.5987153874056457,2.0085053363088363,1.9147885734998955,2.008505759229685,0.12635678693146304,2.008508521688245,-0.08762222918938363,2.00850857147873,0.6259682204265584,2.008510713020981,-0.19899142471426867,2.008512780880786,-0.32361078904681617,2.0085171441207397,-0.08762222918938363,2.00851719401219,1.0385831188150725
2.0084821402528306,-0.5130775828799559,2.0084762806966405,-0.5130775828799559,2.0084699604754594,-0.513433426229747,2.00846988646624,-0.47061084434508066,2.00846988646624,13.775361383062872,2.0084661383578952,1.6642527565953258,2.0084604239521933,-0.46698413777629466,2.0084513509664705,-0.5130775828799559,2.0084512281599105,0.3878866955236089,2.008449239190756,0.6161364602518723,2.0084468585703084,-0.13642446093624336,2.0084342905537684,0.9751552836690324,2.0084342660912338,0.5469160004117641,2.008413718875316,3.1226525060426398,2.0083858409631605,27.58155908134287,2.00850486368236,-0.08762222918938363,2.0085048885561285,-0.48805079736874574,2.0085048885561285,-0.3003499060346697,2.008504913430042,-0.4505106191019305,2.008504913430042,-0.4987606348264854,2.008504913430042,-0.5130775828799559,2.0085050626765795,-0.5130775828799559,2.0085053363088363,1.9147885734998955,2.008505684593538,-0.5130775828799559,2.008508496793221,0.12635678693146304,2.008508521688245,-0.08762222918938363,2.00850857147873,0.6259682204265584,2.008510713020981,-0.19899142471426867,2.008512780880786,-0.32361078904681617,2.0085171441207397,-0.08762222918938363
2.00846988646624,13.692338350691907,2.0084661383578952,1.6642527565953258,2.0084513509664705,-0.5130775828799559,2.0084512281599105,0.3878866955236089,2.008449239190756,0.6161364602518723,2.0084468585703084,-0.13642446093624336,2.0084342905537684,0.9751552836690324,2.0084342660912338,0.5469160004117641,2.008413718875316,3.1226525060426398,2.0083858409631605,27.58155908134287,2.0083599252551387,0.025900521228741088,2.008355769589941,0.0372353275742668,2.0083513782071534,0.09320633187009959,2.008349771587232,2.1583300420371128,2.0083354114534515,-0.5045953045202124,2.0085045900805127,-0.48805079736874574,2.0085046149526806,-0.3003499060346697,2.0085046149526806,-0.5130775828799559,2.0085046398249937,-0.4505106191019305,2.0085046398249937,-0.4925046767388555,2.0085046646974525,2.593685003517892,2.0085053363088363,1.9147885734998955,2.008508496793221,0.12635678693146304,2.008508521688245,-0.08762222918938363,2.00850857147873,0.6259682204265584,2.008510713020981,-0.19899142471426867,2.008512780880786,-0.32361078904681617,2.0085171441207397,-0.08762222918938363,2.00851719401219,1.0385831188150725,2.008517717907711,-0.5094074423249152
2.0084974329453775,-0.503576977131154,2.0084899656080486,-0.503576977131154,2.0084825361266194,-0.503576977131154,2.008475094936801,-0.503576977131154,2.00846988646624,13.692338350691907,2.0084661383578952,1.6642527565953258,2.0084513509664705,-0.5130775828799559,2.0084512281599105,0.3878866955236089,2.008449239190756,0.6161364602518723,2.008448134612368,-0.29877473266798693,2.0084468585703084,-0.13642446093624336,2.0084342905537684,0.9751552836690324,2.0084342660912338,0.5469160004117641,2.008413718875316,3.1226525060426398,2.0083858409631605,27.58155908134287,2.0085044905932965,-0.48805079736874574,2.0085044905932965,-0.5130775828799559,2.0085045403366135,-0.3003499060346697,2.0085046398249937,-0.5005641901243507,2.0085046646974525,2.593685003517892,2.008505261680111,-0.5130775828799559,2.0085053363088363,1.9147885734998955,2.0085084470036105,0.12635678693146304,2.00850857147873,0.6259682204265584,2.008510713020981,-0.19899142471426867,2.008512780880786,-0.32361078904681617,2.0085171441207397,-0.08762222918938363,2.00851719401219,1.0385831188150725,2.008517717907711,-0.5094074423249152,2.00851961444936,0.39600345768096107
2.0084974329453775,-0.503576977131154,2.0084899656080486,-0.503576977131154,2.0084825361266194,-0.503576977131154,2.008470059156431,-0.503576977131154,2.00846988646624,13.692338350691907,2.0084661383578952,1.6642527565953258,2.0084638467426705,-0.0820189946946715,2.0084609408868856,-0.503576977131154,2.0084513509664705,-0.5130775828799559,2.0084512281599105,0.3878866955236089,2.008449239190756,0.6161364602518723,2.008448134612368,-0.29877473266798693,2.0084468585703084,-0.13642446093624336,2.0084342905537684,0.9751552836690324,2.0084342660912338,0.5469160004117641,2.0085043911084077,-0.48805079736874574,2.0085043911084077,-0.5130775828799559,2.0085044159794117,-0.4505106191019305,2.0085044408505612,-0.31984149236758,2.0085044905932965,-0.08762222918938363,2.0085046398249937,-0.5005641901243507,2.0085046646974525,2.593685003517892,2.008505162177181,-0.5130775828799559,2.0085053363088363,1.9147885734998955,2.0085084221090237,-0.5005641901243507,2.0085084470036105,0.12635678693146304,2.0085084470036105,-0.08762222918938363,2.00850857147873,0.6259682204265584,2.008510713020981,-0.19899142471426867,2.008512780880786,-0.32361078904681617
2.0084974329453775,-0.503576977131154,2.0084899656080486,-0.503576977131154,2.0084825361266194,-0.503576977131154,2.008470059156431,-0.503576977131154,2.0084661383578952,1.6642527565953258,2.0084609408868856,-0.503576977131154,2.0084513509664705,-0.5130775828799559,2.0084512281599105,0.3878866955236089,2.008449239190756,0.6161364602518723,2.0084468585703084,-0.13642446093624336,2.00844055763409,-0.29536589678046876,2.0084342905537684,0.9751552836690324,2.0084342660912338,0.5469160004117641,2.0084213696599016,3.051039422940696,2.0083942648812014,-0.48322276755524335,2.0085042916258464,-0.4630240118575356,2.0085042916258464,-0.4505106191019305,2.0085042916258464,-0.48805079736874574,2.0085042916258464,-0.5130775828799559,2.0085043164962686,-0.08762222918938363,2.008504366237549,-0.3003499060346697,2.0085046398249937,-0.5005641901243507,2.0085046646974525,2.593685003517892,2.0085050626765795,-0.5130775828799559,2.0085053114324487,0.12635678693146304,2.0085053363088363,1.9147885734998955,2.0085083972145825,-0.08762222918938363,2.00850857147873,0.6259682204265584,2.008510713020981,-0.19899142471426867,2.008512780880786,-0.32361078904681617
2.0084974329453775,-0.503576977131154,2.0084899656080486,-0.503576977131154,2.0084825361266194,-0.503576977131154,2.008470059156431,-0.503576977131154,2.0084661383578952,1.6642527565953258,2.0084609408868856,-0.503576977131154,2.0084513509664705,-0.5130775828799559,2.0084512281599105,0.3878866955236089,2.008449239190756,0.6161364602518723,2.008446245225751,-0.13642446093624336,2.0084342905537684,0.9751552836690324,2.0084342660912338,0.5469160004117641,2.008413718875316,3.1988912148302635,2.0083942648812014,-0.48322276755524335,2.0083599252551387,0.025900521228741088,2.0085042170154526,-0.48805079736874574,2.008504241885438,-0.3003499060346697,2.008504241885438,-0.4630240118575356,2.008504241885438,-0.5130775828799559,2.0085042667555695,-0.4505106191019305,2.0085046646974525,2.593685003517892,2.008505012927152,-0.5130775828799559,2.0085053114324487,0.12635678693146304,2.0085053363088363,1.9147885734998955,2.008508521688245,-0.08762222918938363,2.00850857147873,0.6259682204265584,2.008510713020981,-0.19899142471426867,2.008512780880786,-0.32361078904681617,2.00851719401219,1.0385831188150725,2.008517717907711,-0.5094074423249152
2.0084974329453775,-0.503576977131154,2.0084899656080486,-0.503576977131154,2.0084825361266194,-0.503576977131154,2.008470059156431,-0.503576977131154,2.0084661383578952,1.6642527565953258,2.0084609408868856,-0.503576977131154,2.0084513509664705,-0.5130775828799559,2.0084512281599105,0.3878866955236089,2.008449239190756,0.6161364602518723,2.008446245225751,-0.13642446093624336,2.0084342905537684,0.9751552836690324,2.0084342660912338,0.5469160004117641,2.008413718875316,3.1988912148302635,2.0083942648812014,-0.48322276755524335,2.0083599252551387,0.025900521228741088,2.008504067798593,-0.3003499060346697,2.008504067798593,-0.4630240118575356,2.008504092667706,-0.48805079736874574,2.008504092667706,-0.5130775828799559,2.0085041175369645,-0.4505106191019305,2.0085042170154526,-0.5005641901243507,2.00850486368236,-0.5130775828799559,2.008505211928355,2.598440092765022,2.008505286556207,-0.08762222918938363,2.0085053114324487,0.12635678693146304,2.0085053363088363,1.9147885734998955,2.008508546583415,-0.5005641901243507,2.00850857147873,0.6259682204265584,2.0085106632054295,-0.08762222918938363,2.008510713020981,-0.19899142471426867
2.0084974329453775,-0.503576977131154,2.0084899656080486,-0.503576977131154,2.0084825361266194,-0.503576977131154,2.008470059156431,-0.503576977131154,2.0084661383578952,1.6642527565953258,2.0084609408868856,-0.503576977131154,2.00845511057354,-0.06833133264948768,2.0084513509664705,-0.5130775828799559,2.0084512281599105,0.3878866955236089,2.008449239190756,0.6161364602518723,2.008446245225751,-0.13642446093624336,2.0084342660912338,0.5469160004117641,2.0084173719737404,3.1721895367255017,2.0083942648812014,-0.48322276755524335,2.0083683934871566,0.890539008592244,2.008503893718874,-0.48805079736874574,2.0085039185869693,-0.4505106191019305,2.0085039434552097,-0.35736109861670495,2.0085039434552097,-0.5130775828799559,2.0085039434552097,-0.4630240118575356,2.0085039683235952,-0.3003499060346697,2.0085042170154526,-0.5005641901243507,2.008504689570057,-0.5130775828799559,2.008505187052695,0.12635678693146304,2.008505211928355,2.598440092765022,2.008505286556207,-0.08762222918938363,2.0085053363088363,1.9147885734998955,2.008508546583415,-0.5005641901243507,2.00850857147873,0.6259682204265584,2.0085106632054295,-0.08762222918938363
2.0084899656080486,-0.5065897641379573,2.0084825361266194,-0.503576977131154,2.008471391574636,-0.4004570480795102,2.008470059156431,-0.503576977131154,2.0084661383578952,1.6642527565953258,2.0084609408868856,-0.503576977131154,2.0084513509664705,-0.5130775828799559,2.0084512281599105,0.3878866955236089,2.008449239190756,0.6161364602518723,2.008445239533479,-0.13642446093624336,2.0084342660912338,0.5469160004117641,2.0084213940476845,0.8328016763419935,2.008413718875316,2.9888471226551663,2.0083942648812014,-0.48322276755524335,2.0083683934871566,0.890539008592244,2.0085037445133596,-0.3573650278220302,2.0085037693805816,-0.48805079736874574,2.0085037693805816,-0.49249117478807214,2.0085037942479493,-0.3003499060346697,2.0085037942479493,-0.5130775828799559,2.0085037942479493,-0.4630240118575356,2.0085038191154623,-0.4505106191019305,2.0085042170154526,-0.5005641901243507,2.0085045403366135,-0.5130775828799559,2.008505087551512,2.5938351642309594,2.008505162177181,-0.08762222918938363,2.008505187052695,0.12635678693146304,2.0085053363088363,1.9147885734998955,2.00850857147873,0.6259682204265584,2.008510713020981,-0.19899142471426867
2.0084609408868856,-0.503576977131154,2.0084513509664705,-0.5130775828799559,2.0084512281599105,0.3878866955236089,2.008449239190756,0.6161364602518723,2.008445239533479,-0.13642446093624336,2.0084342660912338,0.5469160004117641,2.0084213940476845,0.8328016763419935,2.0083942648812014,-0.48322276755524335,2.0083683934871566,0.890539008592244,2.0083599252551387,0.025900521228741088,2.008355769589941,0.0372353275742668,2.0083513782071534,0.09320633187009959,2.008349771587232,2.1583300420371128,2.0083471831127415,-0.04546234407166134,2.008342872553154,0.01170637961177422,2.008503570446876,-0.48805079736874574,2.0085035953130803,-0.35736796846932783,2.0085036201794297,-0.45206395659825477,2.008503645045925,-0.4505106191019305,2.008503645045925,-0.5130775828799559,2.0085036699125656,-0.3003499060346697,2.0085036699125656,-0.5130775828799559,2.008504341366836,-0.5130775828799559,2.008505087551512,2.5938351642309594,2.0085051373018126,-0.08762222918938363,2.008505187052695,0.12635678693146304,2.0085053363088363,1.9147885734998955,2.00850857147873,0.6259682204265584,2.008510713020981,-0.19899142471426867,2.008511510149127,-0.35721172624738134
2.008466828549633,2.0021143609966625,2.0084609408868856,-0.503576977131154,2.0084513509664705,-0.5130775828799559,2.0084512281599105,0.3878866955236089,2.008449239190756,0.6161364602518723,2.008445239533479,-0.13642446093624336,2.0084342660912338,0.5469160004117641,2.0084213940476845,0.8328016763419935,2.0083942648812014,-0.48322276755524335,2.0083683934871566,0.890539008592244,2.0083599252551387,0.025900521228741088,2.008355769589941,0.0372353275742668,2.0083513782071534,0.09320633187009959,2.008349771587232,2.1583300420371128,2.0083471831127415,-0.04546234407166134,2.0085033963875185,-0.48805079736874574,2.008503421252705,-0.3003499060346697,2.008503421252705,-0.4925368486716301,2.0085034461180364,-0.4505106191019305,2.0085034709835137,-0.35737043360770065,2.0085034709835137,-0.5130775828799559,2.008503645045925,-0.5130775828799559,2.0085042170154526,-0.5130775828799559,2.008505037801793,-0.08762222918938363,2.008505087551512,2.5938351642309594,2.0085053363088363,1.9147885734998955,2.008508521688245,-0.08762222918938363,2.00850857147873,0.6259682204265584,2.008510713020981,-0.19899142471426867,2.008511510149127,-0.35721172624738134
2.0085026504995454,-0.5035769521043685,2.008466828549633,2.0021143609966625,2.0084513509664705,-0.5130775828799559,2.0084512281599105,0.3878866955236089,2.008449239190756,0.6161364602518723,2.008445239533479,-0.13642446093624336,2.0084342660912338,0.5469160004117641,2.008409947336609,3.2255118687169335,2.0083942648812014,-0.48322276755524335,2.0083683934871566,0.890539008592244,2.0083599252551387,0.025900521228741088,2.008355769589941,0.0372353275742668,2.0083513782071534,0.09320633187009959,2.008349771587232,2.1583300420371128,2.0083471831127415,-0.04546234407166134,2.0085033217928325,-0.3003499060346697,2.008503371522478,-0.08762222918938363,2.0085034461180364,0.12635678693146304,2.008503645045925,-0.5130775828799559,2.0085039931921265,-0.48805079736874574,2.008504067798593,-0.5130775828799559,2.008505012927152,-0.5130775828799559,2.008505087551512,2.5938351642309594,2.0085053363088363,1.9147885734998955,2.008508546583415,-0.5005641901243507,2.00850857147873,0.6259682204265584,2.0085106632054295,-0.08762222918938363,2.008510713020981,-0.19899142471426867,2.008511510149127,-0.35721172624738134,2.00851465029324,0.45492389367607555
2.0085026504995454,-0.5035769521043685,2.008466828549633,2.0021143609966625,2.0084513509664705,-0.5130775828799559,2.0084512281599105,0.3878866955236089,2.008449239190756,0.6161364602518723,2.008442125859671,-0.13642446093624336,2.008434315016445,-0.5073080829357001,2.0084342660912338,0.5469160004117641,2.0084259082190274,-0.5095070239044642,2.008417493798322,-0.5095601432567118,2.008409947336609,2.933385964033768,2.0083942891122493,2.259654111527436,2.0083942648812014,-0.48322276755524335,2.008387800192677,0.25735788146222704,2.0083812729850936,0.8194738869590683,2.0085032223352868,-0.3003499060346697,2.008503247199455,2.5919581553176183,2.008503247199455,-0.16455456785084355,2.008503247199455,-0.212130487107654,2.0085034461180364,0.12635678693146304,2.008503645045925,-0.5130775828799559,2.0085039434552097,-0.48805079736874574,2.0085039683235952,-0.5130775828799559,2.008505012927152,-0.5130775828799559,2.008505037801793,-0.08762222918938363,2.0085053363088363,1.9147885734998955,2.008508546583415,-0.5005641901243507,2.00850857147873,0.6259682204265584,2.0085106632054295,-0.08762222918938363,2.008510713020981,-0.19899142471426867
2.0085026504995454,-0.5035769521043685,2.008466828549633,2.0021143609966625,2.0084513509664705,-0.5130775828799559,2.0084512281599105,0.3878866955236089,2.008449239190756,0.6161364602518723,2.008442125859671,-0.13642446093624336,2.008434315016445,-0.5073080829357001,2.0084342660912338,0.5469160004117641,2.0084259082190274,-0.5095070239044642,2.008417493798322,-0.5095601432567118,2.008413718875316,-0.3194046623398746,2.008409995980091,-0.3262354481505188,2.008409947336609,2.933385964033768,2.0084091204834955,-0.5088553514365378,2.008400739542408,-0.5078757655114509,2.0085030482901796,2.5937851106599368,2.0085031726073863,-0.3003499060346697,2.0085031974712635,-0.08762222918938363,2.008503247199455,-0.16455456785084355,2.008503247199455,-0.212130487107654,2.008503247199455,0.031743024306333134,2.0085034461180364,0.12635678693146304,2.0085038191154623,-0.5130775828799559,2.008503843983121,-0.48805079736874574,2.008505261680111,-0.5130775828799559,2.008505286556207,-0.08762222918938363,2.0085053363088363,1.9147885734998955,2.008508521688245,-0.5005641901243507,2.00850857147873,0.6259682204265584,2.0085106632054295,-0.08762222918938363
2.0084669025054227,-0.4630240118575356,2.0084668778533494,-0.2878365132790647,2.0084668532014196,-0.5130775828799559,2.008466828549633,2.0021143609966625,2.0084513509664705,-0.5130775828799559,2.0084512281599105,0.3878866955236089,2.008434315016445,-0.5073080829357001,2.0084342660912338,0.5469160004117641,2.008429156533611,-0.13642446093624336,2.0084259082190274,-0.5095070239044642,2.008422369674835,-0.42578760871325544,2.0084213940476845,-0.3744168154024164,2.008417493798322,-0.5095601432567118,2.008409947336609,2.933385964033768,2.0084091204834955,-0.5088553514365378,2.008502923976608,-0.2753231205234596,2.008502948839032,-0.4505106191019305,2.008502948839032,-0.5050163676730458,2.0085029737016007,-0.08762222918938363,2.0085030234271746,-0.5130775828799559,2.008503147743654,2.5922209365654862,2.008503247199455,-0.16455456785084355,2.008503247199455,-0.212130487107654,2.008503247199455,0.031743024306333134,2.0085037196462827,-0.5130775828799559,2.008504042929625,-0.19899142471426867,2.0085052368041603,-0.2753231205234596,2.008505261680111,0.12635678693146304,2.008505286556207,-0.08762222918938363,2.0085053363088363,1.9147885734998955
2.008471194152895,-0.5035769521043685,2.0084668532014196,-0.5130775828799559,2.008466828549633,2.0021143609966625,2.0084513509664705,-0.5130775828799559,2.0084512281599105,0.3878866955236089,2.008434315016445,-0.5073080829357001,2.008429156533611,-0.13642446093624336,2.0084259082190274,-0.5095070239044642,2.0084259082190274,-0.4228683092637293,2.008422369674835,-0.42578760871325544,2.0084213940476845,-0.3744168154024164,2.008417493798322,-0.5095601432567118,2.008409947336609,2.933385964033768,2.0084091204834955,-0.5088553514365378,2.008400739542408,-0.5078757655114509,2.008485555879778,-0.2878365132790647,2.008485580640737,-0.5130775828799559,2.008485580640737,-0.492562813961598,2.0084856054018405,-0.08762222918938363,2.0084856301630887,-0.4505106191019305,2.008485654924481,0.45522937062002544,2.0084881813458497,2.5885670258808493,2.0084961419685454,-0.08762222918938363,2.008496166791324,-0.2753231205234596,2.008496191614247,0.45522937062002544,2.0085019295988773,-0.08788501043725132,2.008504042929625,-0.19899142471426867,2.0085052368041603,-0.2753231205234596,2.008505261680111,0.12635678693146304,2.0085053363088363,1.9147885734998955
2.0084668532014196,-0.5130775828799559,2.0084668532014196,-0.4630240118575356,2.008466828549633,1.9395473972186372,2.0084615317467476,-0.4630240118575356,2.0084513509664705,-0.5130775828799559,2.0084512281599105,0.3878866955236089,2.0084430082426756,-0.5035769521043685,2.008434315016445,-0.5073080829357001,2.008426689539662,-0.13642446093624336,2.008425932633104,0.7892475239766564,2.0084259082190274,-0.5095070239044642,2.0084259082190274,-0.4228683092637293,2.008422369674835,-0.42578760871325544,2.0084213940476845,-0.3744168154024164,2.0084173719737404,-0.35966770481673843,2.008471095445475,-0.48805079736874574,2.008471095445475,-0.5130775828799559,2.0084711201221146,-0.4505106191019305,2.0084711694758246,-0.08762222918938363,2.0084712188301097,0.4544817329430563,2.0084718604881515,-0.5130775828799559,2.008476552480004,-0.5005641901243507,2.0084765771884463,-0.08762222918938363,2.008476626605764,2.5811215571912647,2.0084767254421276,0.4544817329430563,2.008478554330681,-0.3578622975367452,2.008485506358294,-0.08762222918938363,2.008485555879778,0.7147365143000132,2.008485654924481,0.45522937062002544,2.0084877106239403,0.26275276796755825
2.0084668532014196,-0.5130775828799559,2.008466828549633,1.9395473972186372,2.0084615317467476,-0.4630240118575356,2.0084513509664705,-0.5130775828799559,2.0084512281599105,0.3878866955236089,2.0084430082426756,-0.5035769521043685,2.008434315016445,-0.5073080829357001,2.008426689539662,-0.13642446093624336,2.008425932633104,0.7892475239766564,2.0084259082190274,-0.5095070239044642,2.0084259082190274,-0.4228683092637293,2.008422369674835,-0.42578760871325544,2.0084213940476845,-0.3744168154024164,2.0084173719737404,-0.35966770481673843,2.0084152284381473,-0.4249750265278847,2.0084711201221146,-0.5130775828799559,2.008471144798898,-0.48805079736874574,2.008471144798898,-0.4505106191019305,2.0084711694758246,-0.08762222918938363,2.0084712188301097,0.4544817329430563,2.008476428939951,-0.08762222918938363,2.00847647835554,2.5815595259377107,2.0084767254421276,0.4544817329430563,2.008478554330681,-0.3578622975367452,2.008485506358294,-0.08762222918938363,2.008485555879778,0.7147365143000132,2.008485654924481,0.45522937062002544,2.0084877106239403,0.26275276796755825,2.008492866634541,-0.08762222918938363,2.008492916241972,0.26275276796755825
2.0084668532014196,-0.5130775828799559,2.008466828549633,1.9395473972186372,2.0084615317467476,-0.4630240118575356,2.0084513509664705,-0.5130775828799559,2.0084512281599105,0.3878866955236089,2.0084430082426756,-0.5035769521043685,2.008434315016445,-0.5073080829357001,2.008426689539662,-0.13642446093624336,2.0084259082190274,-0.5095070239044642,2.0084259082190274,-0.4228683092637293,2.008422369674835,-0.42578760871325544,2.0084213940476845,-0.3744168154024164,2.008415252790374,-0.42157503760904474,2.0084021473438467,0.5919528021177493,2.0083942648812014,-0.48322276755524335,2.008471095445475,-0.48805079736874574,2.008471095445475,-0.5130775828799559,2.0084711201221146,-0.4505106191019305,2.0084711694758246,-0.08762222918938363,2.0084712188301097,0.4544817329430563,2.0084762806966405,-0.08762222918938363,2.008476305403499,-0.5005641901243507,2.008476330110501,2.5816346062942443,2.0084767254421276,0.4544817329430563,2.008478554330681,-0.3578622975367452,2.008485506358294,-0.08762222918938363,2.008485555879778,0.7147365143000132,2.008485654924481,0.45522937062002544,2.0084877106239403,0.26275276796755825,2.008492866634541,-0.08762222918938363
2.0084615563676995,-0.5130775828799559,2.0084615317467476,-0.4630240118575356,2.0084613101646287,1.6892795421065359,2.0084513509664705,-0.5130775828799559,2.0084512281599105,0.3878866955236089,2.0084430082426756,-0.5035769521043685,2.008434315016445,-0.5073080829357001,2.00842642094435,-0.13642446093624336,2.0084259082190274,-0.5095070239044642,2.0084259082190274,-0.4228683092637293,2.008422369674835,-0.42578760871325544,2.0084213940476845,-0.3744168154024164,2.0084152771427415,-0.44084950406425255,2.008415252790374,-0.42157503760904474,2.008402608622787,0.6782029508866372,2.008471144798898,-0.48805079736874574,2.008471144798898,-0.5005641901243507,2.008471144798898,-0.5130775828799559,2.0084711694758246,-0.08762222918938363,2.0084712188301097,0.4544817329430563,2.008471909850489,-0.5130775828799559,2.0084761324585156,-0.08762222918938363,2.008476181870648,2.58361172234963,2.0084767254421276,0.4544817329430563,2.008478554330681,-0.3578622975367452,2.008485506358294,-0.08762222918938363,2.008485555879778,0.7147365143000132,2.008485654924481,0.45522937062002544,2.008492866634541,-0.08762222918938363,2.008496191614247,0.45522937062002544
2.0084615317467476,-0.4630240118575356,2.0084613101646287,1.6892795421065359,2.0084513509664705,-0.5130775828799559,2.0084512281599105,0.3878866955236089,2.0084430082426756,-0.5035769521043685,2.00842642094435,-0.13642446093624336,2.0084259082190274,-0.4228683092637293,2.0084213940476845,-0.3744168154024164,2.0084152771427415,-0.44084950406425255,2.008402608622787,0.6782029508866372,2.008349771587232,2.1583300420371128,2.0083354114534515,-0.5045953045202124,2.008335387561125,-0.4630240118575356,2.0083283691518123,2.1826426381701896,2.0083282498933195,0.47548044481284446,2.008471095445475,-0.5005641901243507,2.0084711201221146,2.5855763250122603,2.0084711201221146,-0.48805079736874574,2.008471144798898,-0.4505106191019305,2.008471144798898,-0.5130775828799559,2.0084711694758246,-0.08762222918938363,2.0084712188301097,0.4544817329430563,2.0084718604881515,-0.5130775828799559,2.0084761324585156,-0.08762222918938363,2.0084767254421276,0.4544817329430563,2.008478554330681,-0.3578622975367452,2.008485506358294,-0.08762222918938363,2.008485555879778,0.7147365143000132,2.008485654924481,0.45522937062002544,2.0084961419685454,-0.08762222918938363
2.0084615563676995,-0.5005641901243507,2.0084615317467476,-0.4630240118575356,2.0084613101646287,1.6892795421065359,2.0084513509664705,-0.5130775828799559,2.0084512281599105,0.3878866955236089,2.0084430082426756,-0.5035769521043685,2.0084239799539403,-0.13642446093624336,2.008402608622787,0.6782029508866372,2.0083683694053795,-0.5031983719199404,2.008349771587232,2.1583300420371128,2.0083354114534515,-0.5045953045202124,2.008335387561125,-0.4630240118575356,2.0083283691518123,2.1826426381701896,2.0083282498933195,0.47548044481284446,2.0083282498933195,0.23222959982237618,2.00847102141642,-0.48805079736874574,2.008471046092628,-0.4630240118575356,2.008471046092628,-0.5130775828799559,2.0084710707689797,-0.08762222918938363,2.0084711201221146,2.5855763250122603,2.0084712188301097,0.4544817329430563,2.0084718111263897,-0.5130775828799559,2.0084718604881515,-0.5130775828799559,2.008476676023658,-0.08762222918938363,2.0084767254421276,0.4544817329430563,2.008478554330681,-0.3578622975367452,2.008485506358294,-0.08762222918938363,2.008485555879778,0.7147365143000132,2.008485654924481,0.45522937062002544,2.008496117145912,0.12635678693146304
2.008461605610033,-0.5005641901243507,2.0084615809887945,-0.4630240118575356,2.0084615563676995,-0.5005641901243507,2.0084615563676995,-0.5130775828799559,2.0084615317467476,-0.4630240118575356,2.0084613101646287,1.6892795421065359,2.008454323973881,-0.5110241601555465,2.0084513509664705,-0.5130775828799559,2.0084512281599105,0.3878866955236089,2.0084430082426756,-0.5035769521043685,2.0084239799539403,-0.13642446093624336,2.0083683694053795,-0.5031983719199404,2.008359949288341,-0.4941809583190036,2.008349771587232,2.1583300420371128,2.0083354114534515,-0.5045953045202124,2.008471046092628,-0.4755374046131407,2.0084710707689797,-0.08762222918938363,2.0084711201221146,2.5855763250122603,2.0084712188301097,0.4544817329430563,2.008476676023658,-0.08762222918938363,2.0084767254421276,0.4544817329430563,2.008478554330681,-0.3578622975367452,2.008485506358294,-0.08762222918938363,2.008485555879778,0.7147365143000132,2.008485654924481,0.45522937062002544,2.008496067501081,-0.08762222918938363,2.008496117145912,0.12635678693146304,2.008496191614247,0.45522937062002544,2.008501109412318,4.229498271494364,2.0085019047424137,-0.2753231205234596
2.0084616794746077,-0.5005641901243507,2.0084616794746077,-0.08762222918938363,2.0084616794746077,-0.4630240118575356,2.0084615563676995,-0.5130775828799559,2.0084615317467476,-0.4630240118575356,2.008454323973881,-0.5110241601555465,2.0084513509664705,-0.5130775828799559,2.0084512281599105,0.3878866955236089,2.0084430082426756,-0.5035769521043685,2.0084245900689495,1.902007218951822,2.008421442823674,-0.13642446093624336,2.00841939471848,0.5836560348056078,2.008409947336609,-0.4933683260800618,2.008407224199391,-0.4211874728086182,2.0083683934871566,6.662749716607303,2.008471095445475,-0.5130775828799559,2.0084711201221146,2.5843249857366994,2.008471194152895,-0.5005641901243507,2.0084712188301097,0.4544817329430563,2.0084718604881515,-0.5130775828799559,2.0084753172415,-0.2753231205234596,2.008475341942742,-0.08762222918938363,2.008475391345658,0.8383688347253915,2.0084767254421276,0.4544817329430563,2.008478455451664,-0.2753231205234596,2.008478480171202,-0.3578637616036977,2.008485555879778,0.7147365143000132,2.008485654924481,0.45522937062002544,2.008496191614247,0.45522937062002544,2.0085010348577508,-0.2753231205234596
2.0084617533404723,-0.5005641901243507,2.0084617533404723,-0.5130775828799559,2.008461728718374,-0.4505106191019305,2.008461728718374,-0.08762222918938363,2.008461728718374,-0.4630240118575356,2.0084615809887945,-0.5130775828799559,2.0084615317467476,-0.4630240118575356,2.008454323973881,-0.5110241601555465,2.0084513509664705,-0.5130775828799559,2.0084512281599105,0.3878866955236089,2.0084430082426756,-0.5035769521043685,2.0084245900689495,1.902007218951822,2.008421442823674,-0.13642446093624336,2.00841939471848,0.5836560348056078,2.008409947336609,-0.4933683260800618,2.008471095445475,-0.5130775828799559,2.0084711201221146,2.5843249857366994,2.008471194152895,-0.5005641901243507,2.0084712188301097,0.4544817329430563,2.0084718604881515,-0.5130775828799559,2.0084753172415,-0.2753231205234596,2.008475341942742,-0.08762222918938363,2.008475391345658,0.8383688347253915,2.0084767254421276,0.4544817329430563,2.008478455451664,-0.2753231205234596,2.008478480171202,-0.3578637616036977,2.008485506358294,-0.08762222918938363,2.008485555879778,0.7147365143000132,2.008485654924481,0.45522937062002544,2.0084961419685454,-0.08762222918938363
2.008461827207626,-0.48805079736874574,2.008461802585098,-0.4505106191019305,2.008461802585098,-0.4630240118575356,2.0084615563676995,-0.5130775828799559,2.0084615317467476,-0.4630240118575356,2.008454323973881,-0.5110241601555465,2.008454323973881,-0.08762222918938363,2.0084513509664705,-0.5130775828799559,2.0084512281599105,0.3878866955236089,2.0084430082426756,-0.5035769521043685,2.0084245900689495,1.902007218951822,2.008421442823674,-0.13642446093624336,2.00841939471848,0.5836560348056078,2.008414084042464,0.18345083068693308,2.0084105554205856,-0.2644848581158691,2.008471095445475,-0.5130775828799559,2.0084711201221146,2.5826356777146926,2.008471194152895,-0.5005641901243507,2.008471194152895,-0.4630240118575356,2.0084712188301097,0.4544817329430563,2.0084753172415,-0.2753231205234596,2.008475341942742,-0.08762222918938363,2.008475391345658,0.8383688347253915,2.0084767254421276,0.4544817329430563,2.008478455451664,-0.2753231205234596,2.008478480171202,-0.3578637616036977,2.008485506358294,-0.08762222918938363,2.008485555879778,0.7147365143000132,2.008485654924481,0.45522937062002544,2.008496117145912,0.30029294623437347
2.0084619503224155,-0.48805079736874574,2.0084619503224155,-0.5130775828799559,2.008461925699171,-0.4505106191019305,2.00846190107607,-0.08762222918938363,2.0084615317467476,-0.4630240118575356,2.008454323973881,-0.5110241601555465,2.0084513509664705,-0.5130775828799559,2.0084512281599105,0.3878866955236089,2.0084430082426756,-0.5035769521043685,2.0084245900689495,1.902007218951822,2.008421442823674,-0.13642446093624336,2.00841939471848,0.5836560348056078,2.0084105554205856,-0.2644848581158691,2.008391212888072,3.3641186909583034,2.008390486550119,0.5026695571056158,2.008471095445475,-0.5130775828799559,2.008471095445475,-0.4630240118575356,2.0084711201221146,2.5826356777146926,2.0084712188301097,0.4544817329430563,2.0084753172415,-0.2753231205234596,2.008475341942742,-0.08762222918938363,2.008475391345658,0.8383688347253915,2.0084767254421276,0.4544817329430563,2.008478455451664,-0.2753231205234596,2.008478480171202,-0.3578637616036977,2.008485506358294,-0.08762222918938363,2.008485555879778,0.7147365143000132,2.008485654924481,0.45522937062002544,2.0084960426788827,0.26275276796755825,2.008496067501081,-0.08762222918938363
2.0084620488168263,-0.48805079736874574,2.0084620241930087,-0.08762222918938363,2.0084615563676995,-0.4505106191019305,2.0084615317467476,-0.4630240118575356,2.008454348552905,-0.5130775828799559,2.008454323973881,-0.5110241601555465,2.0084513509664705,-0.5130775828799559,2.0084512281599105,0.3878866955236089,2.0084430082426756,-0.5035769521043685,2.0084245900689495,1.902007218951822,2.00841939471848,0.5836560348056078,2.0084175912605255,-0.13642446093624336,2.0084105554205856,-0.2644848581158691,2.008408634175257,-0.48724721231276624,2.008407224199391,-0.4149838207027067,2.0084710707689797,-0.5005641901243507,2.0084710707689797,-0.5130775828799559,2.008471095445475,-0.5130775828799559,2.008471095445475,-0.4630240118575356,2.0084711201221146,2.5826356777146926,2.0084712188301097,0.4544817329430563,2.0084753172415,-0.2753231205234596,2.008475341942742,-0.08762222918938363,2.008475391345658,0.8383688347253915,2.0084767254421276,0.4544817329430563,2.008478455451664,-0.2753231205234596,2.008478480171202,-0.3578637616036977,2.008485506358294,-0.08762222918938363,2.008485555879778,0.7147365143000132,2.008485654924481,0.45522937062002544
2.008461605610033,-0.48805079736874574,2.0084615809887945,-0.4505106191019305,2.0084615809887945,-0.4630240118575356,2.0084615809887945,-0.5130775828799559,2.0084615317467476,-0.4630240118575356,2.0084543977113816,-0.2878365132790647,2.008454323973881,-0.5110241601555465,2.0084513509664705,-0.5130775828799559,2.0084512281599105,0.3878866955236089,2.0084430082426756,-0.5035769521043685,2.0084245900689495,1.902007218951822,2.00841939471848,0.5836560348056078,2.0084175912605255,-0.13642446093624336,2.008414960572958,0.5212896231732764,2.008398677237216,-0.49429822132251633,2.0084709967403556,-0.35801149471857036,2.0084709967403556,-0.4630240118575356,2.008471046092628,-0.5130775828799559,2.0084710707689797,-0.5005641901243507,2.0084711201221146,2.5826356777146926,2.0084712188301097,0.4544817329430563,2.0084753172415,-0.2753231205234596,2.008475341942742,-0.08762222918938363,2.008475391345658,0.8383688347253915,2.0084767007328206,-0.2753231205234596,2.0084767254421276,0.4544817329430563,2.008478455451664,-0.2753231205234596,2.008478480171202,-0.3578637616036977,2.008485506358294,-0.08762222918938363,2.008485555879778,0.7147365143000132
2.008461728718374,-0.48805079736874574,2.008461704096419,-0.4505106191019305,2.0084616794746077,-0.4630240118575356,2.0084616548529395,-0.08762222918938363,2.0084615317467476,-0.4630240118575356,2.0084543977113816,-0.2878365132790647,2.008454323973881,-0.5110241601555465,2.0084513509664705,-0.5130775828799559,2.0084430082426756,-0.5035769521043685,2.0084245900689495,1.902007218951822,2.00841939471848,0.5836560348056078,2.0084175912605255,-0.13642446093624336,2.008414960572958,0.5212896231732764,2.0083905107593587,0.4117650268744952,2.008390486550119,0.5026695571056158,2.0084709967403556,-0.35801149471857036,2.008471046092628,-0.5130775828799559,2.0084710707689797,-0.5005641901243507,2.0084711201221146,2.5826356777146926,2.0084712188301097,0.4544817329430563,2.008471761765203,-0.5130775828799559,2.0084753172415,-0.2753231205234596,2.008475341942742,-0.08762222918938363,2.008475391345658,0.8383688347253915,2.0084767007328206,-0.2753231205234596,2.0084767254421276,0.4544817329430563,2.008478455451664,-0.2753231205234596,2.008478480171202,-0.3578637616036977,2.008485506358294,-0.08762222918938363,2.008485555879778,0.7147365143000132
2.0084620241930087,-0.4505106191019305,2.0084619995693345,-0.48805079736874574,2.0084619995693345,-0.5130775828799559,2.0084619995693345,-0.4630240118575356,2.0084615317467476,-0.4630240118575356,2.008461260925734,-0.5130775828799559,2.008460325495604,-0.5130775828799559,2.008454323973881,-0.5110241601555465,2.0084513509664705,-0.5130775828799559,2.008446981249909,0.3878866955236089,2.0084336301151358,2.0396545392634775,2.00841939471848,0.5836560348056078,2.008416568019936,-0.13642446093624336,2.008407199893609,-0.053046023184232,2.008402827141016,0.02542133336655795,2.0084662369498254,-0.48805079736874574,2.0084662369498254,-0.35810545778477215,2.0084662369498254,-0.5130775828799559,2.008466261598167,2.574164110819148,2.008466286246652,-0.25029633501224946,2.0084663601929678,0.4530865397043774,2.008470873362191,-0.25029633501224946,2.0084708980375363,-0.2878365132790647,2.0084712188301097,0.4544817329430563,2.0084737119695553,-0.25029633501224946,2.008473736661441,-0.35795741183508056,2.008476651314639,-0.2753231205234596,2.0084767254421276,0.4544817329430563,2.008484342769782,0.12635678693146304,2.008484367523662,-0.08762222918938363
2.0084621719380644,-0.4004570480795102,2.00846214731353,-0.48805079736874574,2.00846214731353,-0.4630240118575356,2.008462122689139,-0.4505106191019305,2.0084620980648915,-0.4630240118575356,2.0084620734407874,-0.5130775828799559,2.0084615317467476,-0.4630240118575356,2.008460325495604,-0.5130775828799559,2.0084600301395845,-0.5130775828799559,2.008454323973881,-0.5110241601555465,2.0084513509664705,-0.5130775828799559,2.008446981249909,0.3878866955236089,2.0084336301151358,2.0396545392634775,2.00841946784794,-0.5035769521043685,2.00841939471848,0.5836560348056078,2.0084662369498254,-0.48805079736874574,2.0084662369498254,-0.35810545778477215,2.0084662369498254,-0.5130775828799559,2.0084662369498254,-0.4630240118575356,2.008466261598167,2.574164110819148,2.008466286246652,-0.25029633501224946,2.0084663601929678,0.4530865397043774,2.008466976462504,-0.5130775828799559,2.008470873362191,-0.25029633501224946,2.0084708980375363,-0.2878365132790647,2.0084711694758246,-0.08762222918938363,2.0084712188301097,0.4544817329430563,2.008472131988125,0.4528349704564186,2.0084737119695553,-0.25029633501224946,2.008473736661441,-0.35795741183508056
2.008462418191289,-0.48805079736874574,2.008462418191289,-0.4630240118575356,2.0084623935653214,-0.4004570480795102,2.0084623935653214,-0.08762222918938363,2.0084623443138168,-0.4505106191019305,2.0084622211875627,-0.5130775828799559,2.0084615317467476,-0.4630240118575356,2.008460325495604,-0.5130775828799559,2.008454323973881,-0.5110241601555465,2.0084513509664705,-0.5130775828799559,2.008446981249909,0.3878866955236089,2.0084336301151358,2.0396545392634775,2.00841946784794,-0.5035769521043685,2.00841939471848,0.5836560348056078,2.008416568019936,-0.13642446093624336,2.0084661876535734,-0.48805079736874574,2.0084661876535734,-0.4630240118575356,2.0084662123016277,-0.25029633501224946,2.0084662369498254,-0.35810545778477215,2.008466261598167,2.574164110819148,2.0084663355440524,-0.5130775828799559,2.0084663601929678,0.4530865397043774,2.008466976462504,-0.5130775828799559,2.008470873362191,-0.25029633501224946,2.0084708980375363,-0.2878365132790647,2.0084711694758246,-0.08762222918938363,2.0084712188301097,0.4544817329430563,2.008472131988125,0.4528349704564186,2.0084737119695553,-0.25029633501224946,2.008473736661441,-0.35795741183508056
2.0084622211875627,-0.5130775828799559,2.0084615317467476,-0.4630240118575356,2.0084598332470285,-0.5130775828799559,2.0084590949815575,-0.5130775828799559,2.008454323973881,-0.5110241601555465,2.0084513509664705,-0.5130775828799559,2.008446981249909,0.3878866955236089,2.0084336301151358,2.0396545392634775,2.00841946784794,-0.5035769521043685,2.00841939471848,0.5836560348056078,2.008416568019936,-0.13642446093624336,2.008407199893609,-0.053046023184232,2.008402827141016,0.02542133336655795,2.0083957189917054,-0.30946785223300516,2.0083957189917054,-0.32550619264750763,2.0084661876535734,-0.48805079736874574,2.0084662123016277,-0.25029633501224946,2.0084662369498254,-0.35810545778477215,2.008466261598167,2.574164110819148,2.0084663355440524,-0.5130775828799559,2.0084663601929678,0.4530865397043774,2.008466976462504,-0.5130775828799559,2.008470873362191,-0.25029633501224946,2.0084708980375363,-0.2878365132790647,2.0084711694758246,-0.08762222918938363,2.0084712188301097,0.4544817329430563,2.008472131988125,0.4528349704564186,2.0084737119695553,-0.25029633501224946,2.008473736661441,-0.35795741183508056,2.008476651314639,-0.2753231205234596
2.008462492070051,-0.4630240118575356,2.0084615317467476,-0.4630240118575356,2.00845958714422,-0.5130775828799559,2.0084578648254037,-0.5130775828799559,2.008454348552905,-0.5130775828799559,2.008454323973881,-0.5110241601555465,2.0084513509664705,-0.5130775828799559,2.008446981249909,0.3878866955236089,2.0084336301151358,2.0396545392634775,2.00841946784794,-0.5035769521043685,2.00841939471848,0.5836560348056078,2.008416568019936,-0.13642446093624336,2.008407199893609,-0.053046023184232,2.008402827141016,0.02542133336655795,2.0083957189917054,-0.30946785223300516,2.0084662123016277,-0.48805079736874574,2.0084662369498254,-0.35810545778477215,2.008466261598167,2.574164110819148,2.0084663601929678,0.4530865397043774,2.008466976462504,-0.5130775828799559,2.0084708980375363,-0.2878365132790647,2.0084711694758246,-0.08762222918938363,2.0084712188301097,0.4544817329430563,2.008472131988125,0.4528349704564186,2.008473736661441,-0.35795741183508056,2.008476651314639,-0.2753231205234596,2.008476676023658,-0.08762222918938363,2.0084767254421276,0.4544817329430563,2.00848421900255,-0.08762222918938363,2.0084842685090094,0.12635678693146304
2.0084625659501034,-0.4630240118575356,2.008462541323276,-0.08762222918938363,2.008462492070051,-0.4630240118575356,2.0084615563676995,-0.5130775828799559,2.0084615317467476,-0.4630240118575356,2.0084602024280898,-0.5130775828799559,2.0084578648254037,-0.5130775828799559,2.008454348552905,-0.5130775828799559,2.008454323973881,-0.5110241601555465,2.0084513509664705,-0.5130775828799559,2.008446981249909,0.3878866955236089,2.0084336301151358,2.0396545392634775,2.00841946784794,-0.5035769521043685,2.00841939471848,0.5836560348056078,2.008407199893609,-0.053046023184232,2.0084661383578952,-0.48805079736874574,2.0084661630056626,-0.4630240118575356,2.0084661876535734,-0.25029633501224946,2.008466261598167,2.574164110819148,2.0084663601929678,0.4530865397043774,2.0084669025054227,-0.5130775828799559,2.00846692715764,-0.5130775828799559,2.008470848686989,-0.25029633501224946,2.0084711694758246,-0.08762222918938363,2.0084712188301097,0.4544817329430563,2.008472131988125,0.4528349704564186,2.0084737119695553,-0.25029633501224946,2.008473736661441,-0.35795741183508056,2.008476676023658,-0.08762222918938363,2.0084767254421276,0.4544817329430563
2.0084626890863904,-0.4505106191019305,2.0084616794746077,-0.5130775828799559,2.0084615317467476,-0.4630240118575356,2.0084589719498394,-0.5130775828799559,2.0084578648254037,-0.5130775828799559,2.008454323973881,-0.5110241601555465,2.0084513509664705,-0.5130775828799559,2.008446981249909,0.3878866955236089,2.0084336301151358,2.0396545392634775,2.00841946784794,-0.5035769521043685,2.00841939471848,0.5836560348056078,2.008407199893609,-0.053046023184232,2.008402827141016,0.02542133336655795,2.0083957189917054,-0.30946785223300516,2.0083957189917054,-0.32550619264750763,2.0084655714988546,-0.48805079736874574,2.0084655714988546,-0.25029633501224946,2.008465596143321,-0.358118108824848,2.0084656700775825,2.57461459295835,2.0084657686586067,0.4528520136973518,2.0084663355440524,-0.5130775828799559,2.0084663601929678,0.4530865397043774,2.0084663601929678,-0.5130775828799559,2.0084711201221146,-0.25029633501224946,2.0084711694758246,-0.08762222918938363,2.0084712188301097,0.4544817329430563,2.008472131988125,0.4528349704564186,2.0084737119695553,-0.25029633501224946,2.008473736661441,-0.35795741183508056,2.008476651314639,-0.2753231205234596
2.008462836854665,-0.08762222918938363,2.008461605610033,-0.5130775828799559,2.0084615809887945,-0.5130775828799559,2.0084615317467476,-0.4630240118575356,2.0084589719498394,-0.5130775828799559,2.0084578648254037,-0.5130775828799559,2.008454323973881,-0.5110241601555465,2.0084513509664705,-0.5130775828799559,2.008446981249909,0.3878866955236089,2.00841946784794,-0.5035769521043685,2.00841939471848,0.5836560348056078,2.008417761824813,1.6892795421065359,2.008407199893609,-0.053046023184232,2.008402827141016,0.02542133336655795,2.0083957189917054,-0.30946785223300516,2.0084656207879314,-0.5130775828799559,2.0084656700775825,2.57461459295835,2.0084657686586067,0.4528520136973518,2.0084663355440524,-0.5130775828799559,2.0084663601929678,0.4530865397043774,2.0084684805367643,-0.08762222918938363,2.008468505198171,-0.2753231205234596,2.0084685298597216,0.8258554419697864,2.0084712188301097,0.4544817329430563,2.008472082623199,-0.08762222918938363,2.008472131988125,0.4528349704564186,2.008473736661441,-0.35795741183508056,2.0084754654511117,-0.2753231205234596,2.0084754901532174,-0.20024276398982918,2.008476676023658,-0.08762222918938363
2.0084615317467476,-0.4630240118575356,2.008460399337831,-0.5130775828799559,2.008460374723612,-0.5130775828799559,2.008456635026987,-0.5130775828799559,2.008456635026987,-0.08762222918938363,2.0084513509664705,-0.5130775828799559,2.008446981249909,0.3878866955236089,2.00841946784794,-0.5035769521043685,2.00841939471848,0.5836560348056078,2.008417761824813,1.6892795421065359,2.008407199893609,-0.053046023184232,2.008402827141016,0.02542133336655795,2.0083957189917054,-0.30946785223300516,2.0083957189917054,-0.32550619264750763,2.0083957189917054,-0.30225519521563815,2.0084653004191897,-0.2753231205234596,2.008465325062078,-0.4505106191019305,2.0084653743482854,2.57575331169911,2.008465522210351,-0.5130775828799559,2.008465596143321,-0.25029633501224946,2.0084656207879314,-0.5130775828799559,2.0084656700775825,0.7146489205507239,2.0084657686586067,0.4528520136973518,2.0084663601929678,0.4530865397043774,2.0084684312143812,-0.2753231205234596,2.008468455875501,-0.25029633501224946,2.0084684805367643,-0.08762222918938363,2.0084685298597216,0.8258554419697864,2.0084711694758246,-0.2753231205234596,2.008471194152895,-0.25029633501224946
2.0084615317467476,-0.4630240118575356,2.008460374723612,-0.5130775828799559,2.008456635026987,-0.5130775828799559,2.0084513509664705,-0.5130775828799559,2.008447005786257,-0.5130775828799559,2.008446981249909,0.3878866955236089,2.00841946784794,-0.5035769521043685,2.00841939471848,0.5836560348056078,2.008417761824813,1.6892795421065359,2.008407199893609,-0.053046023184232,2.008402827141016,0.02542133336655795,2.0083957189917054,-0.30946785223300516,2.0083957189917054,-0.32550619264750763,2.0083957189917054,-0.30225519521563815,2.008391212888072,-0.40584063499118317,2.0084652511338428,2.575815878662888,2.0084653004191897,-0.4630240118575356,2.0084653004191897,-0.4505106191019305,2.008465325062078,-0.2753231205234596,2.008465325062078,-0.2878365132790647,2.0084656207879314,-0.5130775828799559,2.0084656700775825,0.7146489205507239,2.0084657686586067,0.4528520136973518,2.008466064415454,-0.5130775828799559,2.0084663601929678,0.4530865397043774,2.0084684805367643,-0.08762222918938363,2.0084685298597216,0.8258554419697864,2.0084712188301097,0.4544817329430563,2.008472082623199,-0.08762222918938363,2.008472131988125,0.4528349704564186
2.0084615317467476,-0.4630240118575356,2.0084566596194504,-0.5130775828799559,2.008456635026987,-0.08762222918938363,2.0084513755282107,-0.5130775828799559,2.0084513509664705,-0.5130775828799559,2.0084473493100945,-0.5094538169584674,2.008446981249909,0.3878866955236089,2.00841946784794,-0.5035769521043685,2.00841939471848,0.5836560348056078,2.0084088530070034,1.7768732913957714,2.008407199893609,-0.053046023184232,2.008402827141016,0.02542133336655795,2.0083957189917054,-0.30946785223300516,2.0083957189917054,-0.32550619264750763,2.0083957189917054,-0.30225519521563815,2.008465177206899,-0.4505106191019305,2.00846520184907,-0.25029633501224946,2.0084652511338428,2.575815878662888,2.008465325062078,-0.2753231205234596,2.008465325062078,-0.2878365132790647,2.0084656700775825,0.7146489205507239,2.0084657686586067,0.4528520136973518,2.0084663601929678,0.4530865397043774,2.008468455875501,-0.25029633501224946,2.008471194152895,-0.25029633501224946,2.0084712188301097,0.4544817329430563,2.008472131988125,0.4528349704564186,2.008473736661441,-0.35795741183508056,2.00847445278873,-0.20024276398982918,2.0084767254421276,0.4544817329430563
2.0084615563676995,-0.48805079736874574,2.0084615317467476,-0.4630240118575356,2.0084513755282107,-0.5130775828799559,2.0084513755282107,-0.08762222918938363,2.0084513509664705,-0.5130775828799559,2.0084473493100945,-0.5094538169584674,2.008446981249909,0.3878866955236089,2.00841946784794,-0.5035769521043685,2.00841939471848,0.5836560348056078,2.0084088530070034,1.7768732913957714,2.008407199893609,-0.053046023184232,2.008402827141016,0.02542133336655795,2.0083957189917054,-0.30946785223300516,2.0083957189917054,-0.32550619264750763,2.0083957189917054,-0.30225519521563815,2.008465152564871,-0.48805079736874574,2.008465152564871,-0.4505106191019305,2.008465177206899,-0.4630240118575356,2.008465325062078,-0.2753231205234596,2.008465325062078,-0.2878365132790647,2.0084655714988546,2.5728752313653205,2.0084656700775825,0.7146489205507239,2.0084657686586067,0.4528520136973518,2.008465916534447,-0.5130775828799559,2.0084663601929678,0.4530865397043774,2.008471144798898,-0.08762222918938363,2.0084712188301097,0.4544817329430563,2.008472131988125,0.4528349704564186,2.008473736661441,-0.35795741183508056,2.00847445278873,-0.20024276398982918
2.0084615317467476,-0.4630240118575356,2.008461482505274,-0.48805079736874574,2.0084584798587537,-0.5130775828799559,2.0084584552557025,-0.5130775828799559,2.008451400090094,-0.08762222918938363,2.008451400090094,-0.5130775828799559,2.0084513755282107,-0.5130775828799559,2.0084513509664705,-0.5130775828799559,2.0084473493100945,-0.5094538169584674,2.008446981249909,0.3878866955236089,2.00841939471848,0.5836560348056078,2.0084088530070034,1.7768732913957714,2.008407199893609,-0.053046023184232,2.008402827141016,0.02542133336655795,2.0083957189917054,-0.30946785223300516,2.0084627383419087,-0.25029633501224946,2.0084627629698826,11.987801779969505,2.008463132406696,-0.48805079736874574,2.0084635018757657,-0.5130775828799559,2.008465226491385,-0.5130775828799559,2.0084652511338428,-0.25029633501224946,2.008465325062078,-0.2753231205234596,2.008465325062078,-0.2878365132790647,2.0084654729224223,2.5703600394214443,2.008465522210351,-0.08762222918938363,2.0084657686586067,0.4528520136973518,2.0084663601929678,0.4530865397043774,2.0084701331686685,-0.25029633501224946,2.0084701578397017,-0.35802804993718595,2.0084711694758246,-0.08762222918938363
2.008458553668767,-0.48805079736874574,2.008414741423214,-0.5035769521043685,2.008408877322345,-0.5130775828799559,2.0084088530070034,1.6509181849535268,2.008407199893609,-0.053046023184232,2.008402827141016,0.02542133336655795,2.0083957189917054,-0.30946785223300516,2.0083957189917054,-0.32550619264750763,2.0083957189917054,-0.30225519521563815,2.008391212888072,-0.40584063499118317,2.008390486550119,0.5026695571056158,2.0083899539821988,-0.4147226787092899,2.008387219584792,0.4182285070675841,2.0083869534997074,-0.5056738713819963,2.0083859135108946,-0.4866808311298621,2.0084626152041882,-0.4505106191019305,2.008462639831446,-0.48805079736874574,2.008462639831446,-0.5130775828799559,2.0084626644588464,2.5701473117445985,2.0084627629698826,11.987801779969505,2.0084627629698826,0.7115455991473341,2.0084634033475264,-0.5130775828799559,2.008465325062078,-0.2753231205234596,2.008465325062078,-0.2878365132790647,2.0084657686586067,0.4528520136973518,2.0084663601929678,0.4530865397043774,2.0084676667909056,-0.5005641901243507,2.0084701578397017,-0.35802804993718595,2.0084711201221146,-0.08762222918938363,2.0084711694758246,-0.20024276398982918
2.0084147901221705,-0.3347962730765891,2.0084147901221705,-0.4630240118575356,2.008414765772622,-0.5130775828799559,2.008414741423214,-0.5035769521043685,2.008408877322345,-0.5130775828799559,2.0084088530070034,1.6509181849535268,2.008407199893609,-0.053046023184232,2.008402827141016,0.02542133336655795,2.0083957189917054,-0.30946785223300516,2.0083957189917054,-0.32550619264750763,2.0083957189917054,-0.30225519521563815,2.008391212888072,-0.40584063499118317,2.008390486550119,0.5026695571056158,2.0083899539821988,-0.4147226787092899,2.008387219584792,0.4182285070675841,2.0084280327731068,-0.4630240118575356,2.008428057199497,0.44966385149107874,2.0084365906657884,0.44966385149107874,2.0084451659556426,0.44966385149107874,2.008453734120178,0.44966385149107874,2.0084584552557025,-0.4505106191019305,2.0084584552557025,-0.48805079736874574,2.0084584798587537,-0.5130775828799559,2.0084585044619483,-0.5005641901243507,2.0084585782723905,0.4524230796204752,2.008462516696592,-0.08762222918938363,2.0084625659501034,2.5687958653269933,2.0084627629698826,11.987801779969505,2.0084627629698826,0.7115455991473341,2.0084676667909056,-0.5005641901243507
2.008404940070003,-0.4630240118575356,2.008404915777426,1.374413874652531,2.008404089913358,-0.5035769521043685,2.008402827141016,0.02542133336655795,2.0083957189917054,-0.30946785223300516,2.0083957189917054,-0.32550619264750763,2.0083957189917054,-0.30225519521563815,2.008391212888072,-0.40584063499118317,2.008390486550119,0.5026695571056158,2.0083899539821988,-0.4147226787092899,2.008387219584792,0.4182285070675841,2.0083869534997074,-0.5056738713819963,2.0083839309911373,-0.5007682960735874,2.00838136961033,-0.5056741216498514,2.008380089506733,-0.5065215411206537,2.0084177130914544,-0.3590633830269992,2.0084177130914544,-0.48805079736874574,2.0084177130914544,-0.503461415949056,2.0084177130914544,-0.4630240118575356,2.008417737458063,-0.4505106191019305,2.008417761824813,-0.34042418398181523,2.008417908028276,0.4479066082598019,2.008417908028276,0.7109074161167982,2.008428008346858,-0.08762222918938363,2.008428057199497,0.44966385149107874,2.0084282281881918,2.5678448474775677,2.0084282281881918,-0.3588557983545765,2.008445116904464,-0.08762222918938363,2.0084451659556426,0.44966385149107874,2.008453734120178,0.44966385149107874
2.008404940070003,-0.5130775828799559,2.008404915777426,1.374413874652531,2.008404089913358,-0.5035769521043685,2.008402827141016,0.02542133336655795,2.0083957189917054,-0.30946785223300516,2.0083957189917054,-0.32550619264750763,2.0083957189917054,-0.30225519521563815,2.008391212888072,-0.40584063499118317,2.008390486550119,0.5026695571056158,2.0083899539821988,-0.4147226787092899,2.008387219584792,0.4182285070675841,2.0083869534997074,-0.5056738713819963,2.0083839309911373,-0.5007682960735874,2.00838136961033,-0.5056741216498514,2.008380089506733,-0.5065215411206537,2.008417566894763,-0.48805079736874574,2.0084175912605255,-0.5005641901243507,2.0084175912605255,-0.4505106191019305,2.0084175912605255,-0.5130775828799559,2.008417615626429,-0.35906529757609085,2.008417615626429,-0.4630240118575356,2.008417615626429,-0.45248109054576285,2.0084176643586598,-0.2753231205234596,2.008417908028276,0.4479066082598019,2.008417908028276,0.7109074161167982,2.008418371039414,-0.5130775828799559,2.008428008346858,-0.08762222918938363,2.008428057199497,0.44966385149107874,2.0084282281881918,2.5678448474775677,2.0084282281881918,-0.3588557983545765
2.0084049886555775,-0.2687739486167803,2.008404915777426,1.374413874652531,2.008404089913358,-0.5035769521043685,2.008402827141016,0.02542133336655795,2.0083957189917054,-0.30946785223300516,2.0083957189917054,-0.32550619264750763,2.0083957189917054,-0.30225519521563815,2.008391212888072,-0.40584063499118317,2.008390486550119,0.5026695571056158,2.0083899539821988,-0.4147226787092899,2.008387219584792,0.4182285070675841,2.0083839309911373,-0.5007682960735874,2.00838136961033,-0.5056741216498514,2.008380089506733,-0.5065215411206537,2.008380065357594,0.0268888915555426,2.0084173719737404,-0.5014203439432965,2.0084173719737404,-0.4505106191019305,2.0084173719737404,-0.5034617287838749,2.0084173719737404,-0.45248319279574584,2.0084173963383747,-0.3590696272099842,2.0084174207031498,-0.5130775828799559,2.008417445068066,-0.36821137388134084,2.0084175912605255,-0.5005641901243507,2.0084176643586598,-0.5130775828799559,2.008417908028276,0.4479066082598019,2.008417908028276,0.7109074161167982,2.0084181273429924,-0.5130775828799559,2.0084279350689624,-0.08762222918938363,2.008428057199497,0.44966385149107874,2.0084282281881918,2.5678448474775677
2.0084049886555775,-0.2687739486167803,2.008404940070003,-0.5130775828799559,2.008404915777426,1.374413874652531,2.008404089913358,-0.5035769521043685,2.008402827141016,0.02542133336655795,2.0083957189917054,-0.30946785223300516,2.0083957189917054,-0.32550619264750763,2.0083957189917054,-0.30225519521563815,2.008391212888072,-0.40584063499118317,2.008390486550119,0.5026695571056158,2.0083899539821988,-0.4147226787092899,2.008387219584792,0.4182285070675841,2.0083839309911373,-0.5007682960735874,2.00838136961033,-0.5056741216498514,2.008380089506733,-0.5065215411206537,2.0084172745166144,-0.4929218857667201,2.0084172988806843,-0.3590715542724687,2.0084173476092473,-0.2753231205234596,2.0084175912605255,-0.5005641901243507,2.0084176643586598,-0.5130775828799559,2.008417908028276,0.4479066082598019,2.008417908028276,0.7109074161167982,2.008418005500072,-0.5130775828799559,2.008420711243155,-0.08762222918938363,2.0084207600112354,2.568157682296458,2.008424638881968,-0.3589266491843588,2.008428008346858,-0.08762222918938363,2.008428057199497,0.44966385149107874,2.008445018803816,-0.25029633501224946,2.0084536112443496,-0.08762222918938363
2.008404940070003,-0.48805079736874574,2.008404940070003,-0.5130775828799559,2.008404915777426,1.374413874652531,2.008404915777426,-0.48515313357529405,2.008404089913358,-0.5035769521043685,2.008402827141016,0.02542133336655795,2.0084025843436852,-0.5088376449857887,2.0083957189917054,-0.30946785223300516,2.0083957189917054,-0.32550619264750763,2.0083957189917054,-0.30225519521563815,2.008391212888072,-0.40584063499118317,2.008390486550119,0.5026695571056158,2.0083899539821988,-0.4147226787092899,2.008387219584792,0.4182285070675841,2.0083839309911373,-0.5007682960735874,2.008417128335157,-0.48805079736874574,2.008417128335157,-0.4505106191019305,2.0084171526983807,-0.2753231205234596,2.0084171770617454,-0.5005641901243507,2.0084171770617454,-0.5130775828799559,2.008417201425251,-0.359073481334953,2.008417225788898,-0.5130775828799559,2.0084176643586598,-0.5130775828799559,2.008417908028276,0.4479066082598019,2.008417908028276,0.7109074161167982,2.008417908028276,-0.5130775828799559,2.008420686859327,-0.2878365132790647,2.008420711243155,-0.08762222918938363,2.0084207600112354,2.568157682296458,2.008424614475388,-0.2878365132790647
2.008404915777426,1.3272579674235625,2.008404089913358,-0.5035769521043685,2.008402827141016,0.02542133336655795,2.0084025843436852,-0.5088376449857887,2.0083957189917054,-0.30946785223300516,2.0083957189917054,-0.32550619264750763,2.0083957189917054,-0.30225519521563815,2.008391212888072,-0.40584063499118317,2.008390486550119,0.5026695571056158,2.0083899539821988,-0.4147226787092899,2.008387219584792,0.4182285070675841,2.0083839309911373,-0.5007682960735874,2.00838136961033,-0.5056741216498514,2.008380089506733,-0.5065215411206537,2.008380065357594,0.0268888915555426,2.0084169821587765,-0.48805079736874574,2.008417006521154,-0.359077322946529,2.008417055246332,-0.4505106191019305,2.0084170796091327,-0.49292263657028546,2.0084170796091327,-0.5130775828799559,2.0084171770617454,-0.5005641901243507,2.0084176643586598,-0.5130775828799559,2.008417908028276,0.4479066082598019,2.008417908028276,0.7109074161167982,2.008420686859327,-0.2878365132790647,2.008420711243155,-0.08762222918938363,2.0084207600112354,2.568157682296458,2.008424614475388,-0.2878365132790647,2.008424638881968,-0.3589266491843588,2.008428057199497,0.44966385149107874
2.008404089913358,-0.5035769521043685,2.008402827141016,0.02542133336655795,2.0084025843436852,-0.5088376449857887,2.0083982163898066,1.701792934862141,2.0083957189917054,-0.30946785223300516,2.0083957189917054,-0.32550619264750763,2.0083957189917054,-0.30225519521563815,2.008391212888072,-0.40584063499118317,2.008390486550119,0.5026695571056158,2.0083899539821988,-0.4147226787092899,2.008387219584792,0.4182285070675841,2.0083839309911373,-0.5007682960735874,2.00838136961033,-0.5056741216498514,2.008380089506733,-0.5065215411206537,2.008380065357594,0.0268888915555426,2.0084168116260828,-0.48805079736874574,2.008416835987473,-0.2753231205234596,2.0084168603490045,-0.5130775828799559,2.0084171770617454,-0.5005641901243507,2.008417908028276,0.4479066082598019,2.008417908028276,0.7109074161167982,2.008420686859327,-0.2878365132790647,2.008420711243155,-0.08762222918938363,2.0084207600112354,2.568157682296458,2.008424614475388,-0.2878365132790647,2.008424638881968,-0.3589266491843588,2.008428057199497,0.44966385149107874,2.008440263656654,-0.08762222918938363,2.0084403371490933,0.44672085167567355,2.0084488709658674,0.8633956202366017
2.008404089913358,-0.5035769521043685,2.008402875702166,-0.48805079736874574,2.008402851421521,-0.4630240118575356,2.008402827141016,0.02542133336655795,2.0084025843436852,-0.5088376449857887,2.0083982163898066,1.701792934862141,2.0083957189917054,-0.30946785223300516,2.0083957189917054,-0.32550619264750763,2.0083957189917054,-0.30225519521563815,2.008391212888072,-0.40584063499118317,2.008390486550119,0.5026695571056158,2.0083899539821988,-0.4147226787092899,2.008387219584792,0.4182285070675841,2.0083839309911373,-0.5007682960735874,2.00838136961033,-0.5056741216498514,2.0084166898212468,-0.4505106191019305,2.0084166898212468,-0.2753231205234596,2.008416714181932,-0.5005641901243507,2.008416714181932,-0.48805079736874574,2.008416714181932,-0.4524296855283229,2.0084178836606794,-0.5130775828799559,2.008417908028276,0.4479066082598019,2.008417908028276,0.7109074161167982,2.008428008346858,-0.08762222918938363,2.008428057199497,0.44966385149107874,2.00843130717154,-0.08762222918938363,2.008431356062429,2.5706103072765565,2.008431356062429,-0.35879404476132765,2.008440263656654,-0.08762222918938363,2.0084403371490933,0.44672085167567355
2.008404089913358,-0.5035769521043685,2.008402851421521,-0.4630240118575356,2.008402827141016,0.02542133336655795,2.0084025843436852,-0.5088376449857887,2.0083982163898066,1.701792934862141,2.0083957189917054,-0.30946785223300516,2.0083957189917054,-0.32550619264750763,2.0083957189917054,-0.30225519521563815,2.008391212888072,-0.40584063499118317,2.008390486550119,0.5026695571056158,2.0083899539821988,-0.4147226787092899,2.008387219584792,0.4182285070675841,2.0083839309911373,-0.5007682960735874,2.00838136961033,-0.5056741216498514,2.008380089506733,-0.5065215411206537,2.008416641100299,-0.2753231205234596,2.0084166898212468,-0.5130775828799559,2.008416714181932,-0.5005641901243507,2.008417908028276,0.4479066082598019,2.008417908028276,0.7109074161167982,2.008422808780807,2.5666060215947626,2.008428008346858,-0.08762222918938363,2.008428057199497,0.44966385149107874,2.00843130717154,-0.08762222918938363,2.008440263656654,-0.08762222918938363,2.0084403371490933,0.44672085167567355,2.0084488709658674,0.8633956202366017,2.008451522901651,-0.20024276398982918,2.008453734120178,0.44966385149107874,2.0084625659501034,0.12635678693146304
2.008404089913358,-0.5035769521043685,2.0084028999829515,-0.48805079736874574,2.0084028999829515,-0.4505106191019305,2.008402851421521,-0.4630240118575356,2.008402827141016,0.02542133336655795,2.0084025843436852,-0.5088376449857887,2.0083982163898066,1.701792934862141,2.0083957189917054,-0.30946785223300516,2.0083957189917054,-0.32550619264750763,2.0083957189917054,-0.30225519521563815,2.008391212888072,-0.40584063499118317,2.008390486550119,0.5026695571056158,2.0083899539821988,-0.4147226787092899,2.008387219584792,0.4182285070675841,2.0083839309911373,-0.5007682960735874,2.008416568019936,-0.5082604146913654,2.0084165923799158,-0.29935104948473906,2.008416714181932,-0.5005641901243507,2.0084178836606794,-0.5130775828799559,2.008417908028276,0.4479066082598019,2.008417908028276,0.7109074161167982,2.0084227599889934,-0.08762222918938363,2.008422808780807,2.5666060215947626,2.0084239311485574,-0.35894062664406673,2.008428008346858,-0.08762222918938363,2.008428057199497,0.44966385149107874,2.008440263656654,-0.08762222918938363,2.0084403371490933,0.44672085167567355,2.0084463433548945,-0.2014941032653897,2.0084488464186827,-0.25029633501224946
2.008404089913358,-0.5035769521043685,2.008402851421521,-0.4630240118575356,2.008402851421521,-0.4505106191019305,2.008402827141016,0.02542133336655795,2.0084025843436852,-0.5088376449857887,2.0083982163898066,1.701792934862141,2.0083957189917054,-0.30946785223300516,2.0083957189917054,-0.32550619264750763,2.0083957189917054,-0.30225519521563815,2.008391212888072,-0.40584063499118317,2.008390486550119,0.5026695571056158,2.0083899539821988,-0.4147226787092899,2.008387219584792,0.4182285070675841,2.0083839309911373,-0.5007682960735874,2.00838136961033,-0.5056741216498514,2.008416568019936,-0.45243094938099115,2.008416641100299,-0.5130775828799559,2.0084172745166144,-0.5130775828799559,2.0084172988806843,-0.5130775828799559,2.008417908028276,0.4479066082598019,2.008417908028276,0.7109074161167982,2.008428057199497,0.44966385149107874,2.008429425303349,2.570335012635933,2.008429425303349,-0.35883216055566114,2.0084403371490933,0.44672085167567355,2.0084463433548945,-0.2014941032653897,2.0084488464186827,-0.25029633501224946,2.0084488709658674,0.8633956202366017,2.008451498339054,-0.25029633501224946,2.0084537095447264,0.12635678693146304
2.0084043570869134,-0.48805079736874574,2.0084043327977064,-0.35636769790601575,2.008404235642282,-0.5130775828799559,2.008404089913358,-0.5035769521043685,2.008402827141016,0.02542133336655795,2.0084025843436852,-0.5088376449857887,2.0083982163898066,1.701792934862141,2.0083957189917054,-0.30946785223300516,2.0083957189917054,-0.32550619264750763,2.0083957189917054,-0.30225519521563815,2.008391212888072,-0.40584063499118317,2.008390486550119,0.5026695571056158,2.0083899539821988,-0.4147226787092899,2.008387219584792,0.4182285070675841,2.0083839309911373,-0.5007682960735874,2.0084165436600965,-0.5130775828799559,2.008416568019936,-0.5130775828799559,2.00841783492591,-0.5019993761662767,2.0084178836606794,-0.5130775828799559,2.008417908028276,0.4479066082598019,2.008417908028276,0.7109074161167982,2.008422686802333,-0.2878365132790647,2.0084227111977455,-0.08762222918938363,2.0084227599889934,2.565642490352581,2.0084279839207513,-0.2753231205234596,2.0084279839207513,-0.2878365132790647,2.008428008346858,-0.08762222918938363,2.008428057199497,0.44966385149107874,2.008440190165495,-0.08762222918938363,2.0084403371490933,0.44672085167567355
