2.008349579793328,-0.4086658337271871,2.0083411017253,-0.5130775828799559,2.0083411017253,-0.4630240118575356,2.008341077800342,-0.5130775828799559,2.008341077800342,1.2033265143443617,2.008341029950837,-0.44825820840592157,2.0083398578094394,-0.5130775828799559,2.008329943684081,1.8144134696625867,2.0083298721015166,-0.46372476185184947,2.008323339410783,-0.3370073770631118,2.008321791188288,0.1651483044738388,2.0083174592278605,-0.47649808280177397,2.0083167218159512,-0.4243463661892359,2.0083146292298673,-0.4086658337271871,2.0083071948077174,2.5498130485167407,2.008363219091607,-0.4505106191019305,2.008363243143751,-0.4004570480795102,2.008363243143751,-0.5130775828799559,2.0083632671960334,-0.5130775828799559,2.0083632671960334,-0.4630240118575356,2.0083635077264663,-0.5130775828799559,2.008363555834213,0.3258783045714083,2.00837393598028,0.32587218552235075,2.0083742012400037,-0.5130775828799559,2.008378640804672,-0.5005641901243507,2.008378882220231,-0.5130775828799559,2.008380186104683,0.9384759767702318,2.0083804276093016,-0.36056430192107025,2.008385284805564,0.32556556985966023,2.0083856233274893,2.5528538029563523
2.008349579793328,-0.4086658337271871,2.0083411256503956,-0.5130775828799559,2.0083411017253,-0.5130775828799559,2.008341029950837,-0.44825820840592157,2.0083398578094394,-0.5130775828799559,2.008329943684081,1.8144134696625867,2.0083298721015166,-0.46372476185184947,2.008323339410783,-0.3370073770631118,2.0083208387222307,0.1651483044738388,2.0083174592278605,-0.47649808280177397,2.0083167218159512,-0.4243463661892359,2.0083146292298673,-0.4086658337271871,2.0083071948077174,2.5498130485167407,2.0083030676808513,-0.4086658337271871,2.008301455894947,0.43801851279093,2.00836220902647,-0.4505106191019305,2.00836220902647,-0.5130775828799559,2.008362233072804,-0.4004570480795102,2.0083622811658883,-0.2721071785852691,2.0083622811658883,-0.030798912686181013,2.0083622811658883,-0.09715743446915463,2.008363555834213,0.3258783045714083,2.00837393598028,0.32587218552235075,2.0083742012400037,-0.5130775828799559,2.008378640804672,-0.5005641901243507,2.008378882220231,-0.5130775828799559,2.0083791236497017,-0.360589916836041,2.008380186104683,0.9384759767702318,2.008385284805564,0.32556556985966023,2.0083856233274893,2.5528538029563523
2.00834972363793,-0.4630240118575356,2.0083496996634853,1.2033265143443617,2.008349603767084,-0.5130775828799559,2.008349579793328,-0.4086658337271871,2.0083358415387482,-0.4086658337271871,2.008329967545209,-0.5130775828799559,2.008329943684081,1.8144134696625867,2.008327820591023,-0.5069775541794534,2.0083241971357664,-0.4086658337271871,2.008323339410783,-0.3370073770631118,2.008320100710985,0.1651483044738388,2.0083174592278605,-0.47649808280177397,2.0083167218159512,-0.416769969871249,2.0083146292298673,-0.4086658337271871,2.0083132506010526,-0.44672747009691394,2.0083580991360233,-0.4505106191019305,2.0083580991360233,-0.4004570480795102,2.0083580991360233,-0.5130775828799559,2.0083580991360233,-0.4630240118575356,2.0083581231587266,-0.28381971420451546,2.0083581231587266,-0.07144241235638628,2.0083581231587266,-0.04480139917970306,2.008359012095847,-0.5130775828799559,2.008359084180117,-0.5130775828799559,2.008360333838365,-0.5130775828799559,2.008363555834213,0.3258783045714083,2.00837393598028,0.32587218552235075,2.0083742012400037,-0.5130775828799559,2.008374973000216,-0.36067149164341483,2.008378640804672,-0.5005641901243507
2.008349867487488,-0.5130775828799559,2.0083498435122173,1.2033265143443617,2.008349579793328,-0.4086658337271871,2.0083358415387482,-0.4086658337271871,2.008329967545209,-0.5130775828799559,2.008329943684081,1.8144134696625867,2.0083241971357664,-0.4086658337271871,2.008323339410783,-0.3370073770631118,2.008320100710985,0.1651483044738388,2.0083174592278605,-0.4633784537073381,2.0083168883168883,-0.4166021777877891,2.0083146292298673,-0.4086658337271871,2.0083132981323666,-0.4505174138741968,2.0083071948077174,2.5498130485167407,2.0083030676808513,-0.4086658337271871,2.008354929350855,-0.4505106191019305,2.008354953355341,-0.5130775828799559,2.008354977359965,0.007692283430060181,2.008354977359965,-0.18629033106732953,2.008354977359965,-0.2214654781033354,2.0083569221926862,-0.5130775828799559,2.008360333838365,-0.5130775828799559,2.008363555834213,0.3258783045714083,2.008372851001834,-0.3607131862680764,2.00837393598028,0.32587218552235075,2.0083742012400037,-0.5130775828799559,2.008378640804672,-0.5005641901243507,2.008378882220231,-0.5130775828799559,2.008380186104683,0.9384759767702318,2.0083848496032477,2.5491623520934494
2.008349867487488,1.2033265143443617,2.008349579793328,-0.4086658337271871,2.008343064039041,-0.5130775828799559,2.0083430401028246,2.0396545392634775,2.008335865433677,-0.5130775828799559,2.0083358415387482,-0.4086658337271871,2.0083302777523144,-0.507903557756761,2.008329967545209,-0.5130775828799559,2.0083241971357664,-0.4086658337271871,2.008323339410783,-0.3370073770631118,2.008320100710985,0.1651483044738388,2.0083174592278605,-0.478744599689795,2.0083168883168883,-0.4166021777877891,2.0083146292298673,-0.4086658337271871,2.0083144390469845,-0.45558477483754284,2.0083539212869863,-0.4505106191019305,2.00835394528568,-0.4004570480795102,2.008353969284512,-0.5130775828799559,2.0083539932834813,-0.2750728526683475,2.008360333838365,-0.5130775828799559,2.008363555834213,0.3258783045714083,2.00837393598028,0.32587218552235075,2.00837393598028,-0.3606918634468209,2.0083742012400037,-0.5130775828799559,2.008378640804672,-0.5005641901243507,2.008378882220231,-0.5130775828799559,2.008385284805564,0.32556556985966023,2.008390486550119,2.5530415038476866,2.008393344205042,0.7883152637029711,2.0083959371517333,-0.11264901470059371
2.008349867487488,1.2033265143443617,2.008349579793328,-0.4086658337271871,2.0083430401028246,2.0396545392634775,2.0083358415387482,-0.4086658337271871,2.008329967545209,-0.5130775828799559,2.0083241971357664,-0.4086658337271871,2.008323339410783,-0.3370073770631118,2.008320100710985,0.1651483044738388,2.0083195532388465,-0.18987878419446164,2.0083174592278605,-0.478744599689795,2.0083168883168883,-0.4166021777877891,2.0083146292298673,-0.4086658337271871,2.008314058707318,-0.4525930353573545,2.0083071948077174,2.5498130485167407,2.0083030676808513,-0.4086658337271871,2.0083529614522893,-0.4505106191019305,2.0083529854454687,-0.4717959001792147,2.0083529854454687,-0.42054104345225635,2.0083529854454687,-0.4244327085992496,2.008360309802952,-0.5130775828799559,2.008360333838365,-0.5130775828799559,2.008363555834213,0.3258783045714083,2.00837393598028,0.32587218552235075,2.0083742012400037,-0.5130775828799559,2.008378640804672,-0.5005641901243507,2.008378882220231,-0.5130775828799559,2.008385284805564,0.32556556985966023,2.008385284805564,-0.3604688497611306,2.008390486550119,2.5530415038476866,2.008393344205042,0.7883152637029711
2.008349579793328,-0.4086658337271871,2.008349579793328,1.2033265143443617,2.008343064039041,-0.5130775828799559,2.0083430401028246,2.0396545392634775,2.0083358415387482,-0.4086658337271871,2.008329967545209,-0.5130775828799559,2.0083274151794916,-0.5045347897528463,2.0083241971357664,-0.4086658337271871,2.008323339410783,-0.3370073770631118,2.008320100710985,0.1651483044738388,2.008317483017519,-0.47738858588383387,2.0083168883168883,-0.4166021777877891,2.0083146292298673,-0.4086658337271871,2.008314343958806,-0.44914534538533024,2.00830842899836,0.5427982182576773,2.0083529614522893,-0.4505106191019305,2.0083529854454687,-0.4717959001792147,2.0083529854454687,-0.42054104345225635,2.0083529854454687,-0.4244327085992496,2.008360309802952,-0.5130775828799559,2.008360333838365,-0.5130775828799559,2.008363555834213,0.3258783045714083,2.0083697904674187,-0.3607733256336599,2.00837393598028,0.32587218552235075,2.0083742012400037,-0.5130775828799559,2.008378640804672,-0.5005641901243507,2.008378882220231,-0.5130775828799559,2.008385284805564,0.32556556985966023,2.0083904623410196,0.1638969651982783,2.008390486550119,2.5530415038476866
2.008349579793328,-0.4086658337271871,2.008343064039041,-0.5130775828799559,2.0083430401028246,2.0396545392634775,2.0083358415387482,-0.4086658337271871,2.008329967545209,-0.5130775828799559,2.0083241971357664,-0.4086658337271871,2.008319791261358,0.1651483044738388,2.0083195532388465,-0.4685250870137909,2.0083195532388465,-0.1929666390444058,2.0083169596764736,-0.43026904257421306,2.0083146292298673,-0.4086658337271871,2.0083112310224984,2.5553439681147183,2.0083088088231094,-0.44642238106813953,2.0083030676808513,-0.4086658337271871,2.0083010293504757,0.49942103029268975,2.0083529614522893,-0.4505106191019305,2.0083529854454687,-0.4717959001792147,2.0083529854454687,-0.42054104345225635,2.0083529854454687,-0.4244327085992496,2.008360213662682,-0.5130775828799559,2.0083602376975422,-0.4004570480795102,2.008360333838365,-0.5130775828799559,2.008363555834213,0.3258783045714083,2.0083697904674187,-0.3607733256336599,2.00837393598028,0.32587218552235075,2.0083742012400037,-0.5130775828799559,2.008378640804672,-0.5005641901243507,2.008378882220231,-0.5130775828799559,2.008385284805564,0.32556556985966023,2.008389615110539,2.5543804368725365
2.0083431119118864,1.2033265143443617,2.008343064039041,-0.4630240118575356,2.0083430401028246,2.0396545392634775,2.008342968294999,-0.4086658337271871,2.008331303986592,-0.4086658337271871,2.008329967545209,-0.5130775828799559,2.008319791261358,0.1651483044738388,2.008319648446217,-0.4086658337271871,2.0083195532388465,-0.4685250870137909,2.0083195532388465,-0.15736198231545653,2.0083179588392612,2.5578466466658387,2.0083169596764736,-0.43026904257421306,2.008309188682588,-0.4529194972609555,2.0083080492083356,-0.4086658337271871,2.0083055814192603,0.4506222397288377,2.0083529614522893,-0.5130775828799559,2.0083529614522893,-0.4505106191019305,2.0083529614522893,-0.4630240118575356,2.0083529854454687,-0.4717959001792147,2.0083529854454687,-0.42054104345225635,2.0083529854454687,-0.4244327085992496,2.0083579309809645,0.3244983776718912,2.008360333838365,-0.5130775828799559,2.008369501398754,0.3244983776718912,2.0083697663776006,-0.3607738011425846,2.0083742012400037,-0.5130775828799559,2.008378640804672,-0.5005641901243507,2.008378882220231,-0.5130775828799559,2.0083852606264725,0.1638969651982783,2.008385284805564,0.32556556985966023
2.0083431597852814,1.2033265143443617,2.008342968294999,-0.4086658337271871,2.0083403122741403,-0.5130775828799559,2.008331303986592,-0.4086658337271871,2.008329967545209,-0.5130775828799559,2.008329084774502,1.8644670406850068,2.008319791261358,0.1651483044738388,2.008319648446217,-0.4086658337271871,2.0083195532388465,-0.4685250870137909,2.0083195532388465,-0.35427152943195334,2.0083169596764736,-0.43026904257421306,2.008311159761183,2.5529664234911533,2.0083095448323944,-0.44627491073451475,2.0083080492083356,-0.4086658337271871,2.008305866089331,0.5044616751625025,2.0083529134663443,-0.4004570480795102,2.008352937459248,-0.5130775828799559,2.0083529854454687,-0.4717959001792147,2.0083529854454687,-0.42054104345225635,2.0083529854454687,-0.4244327085992496,2.0083579309809645,0.3244983776718912,2.008360333838365,-0.5130775828799559,2.008369501398754,0.3244983776718912,2.0083697663776006,-0.3607738011425846,2.0083742012400037,-0.5130775828799559,2.008378640804672,-0.5005641901243507,2.008378882220231,-0.5130775828799559,2.008379316803296,0.8008286564585763,2.0083852606264725,0.1638969651982783,2.008385284805564,0.32556556985966023
2.0083431837221846,-0.5130775828799559,2.0083431597852814,1.2033265143443617,2.008342968294999,-0.4086658337271871,2.0083399774006114,-0.5130775828799559,2.0083379209101753,-0.5130775828799559,2.008331303986592,-0.4086658337271871,2.008329967545209,-0.5130775828799559,2.008329084774502,1.8644670406850068,2.008319791261358,0.1651483044738388,2.008319648446217,-0.4086658337271871,2.0083195532388465,-0.4685250870137909,2.0083195532388465,-0.35427152943195334,2.0083174592278605,-0.4843170011847573,2.0083169596764736,-0.43026904257421306,2.008311159761183,2.5529664234911533,2.00835284148846,-0.4505106191019305,2.00835284148846,-0.5130775828799559,2.0083528654809504,-0.4004570480795102,2.0083528894735783,-0.4630240118575356,2.0083528894735783,-0.5130775828799559,2.008352937459248,-0.5130775828799559,2.0083529854454687,-0.4717959001792147,2.0083529854454687,-0.42054104345225635,2.0083529854454687,-0.4244327085992496,2.0083579309809645,0.3244983776718912,2.008360333838365,-0.5130775828799559,2.008369501398754,0.3244983776718912,2.0083697663776006,-0.3607738011425846,2.0083742012400037,-0.5130775828799559,2.008378640804672,-0.5005641901243507
2.0083432076592254,1.2033265143443617,2.008342968294999,-0.4086658337271871,2.0083379209101753,-0.5130775828799559,2.008331327855514,-0.5130775828799559,2.008331303986592,-0.4086658337271871,2.008329967545209,-0.5130775828799559,2.008329084774502,1.8644670406850068,2.008319648446217,-0.4086658337271871,2.0083195532388465,-0.4685250870137909,2.0083195532388465,-0.35427152943195334,2.0083195532388465,-0.16724913927987176,2.008319124832645,0.1651483044738388,2.0083174592278605,-0.4843170011847573,2.0083169121032807,-0.4296972931458167,2.008311159761183,2.5529664234911533,2.008352817496108,-0.4505106191019305,2.008352817496108,-0.5130775828799559,2.00835284148846,-0.4004570480795102,2.00835284148846,-0.4630240118575356,2.008352937459248,-0.5130775828799559,2.0083529854454687,-0.4717959001792147,2.0083529854454687,-0.42054104345225635,2.0083529854454687,-0.4244327085992496,2.0083579309809645,0.3244983776718912,2.008360333838365,-0.5130775828799559,2.008369501398754,0.3244983776718912,2.0083697663776006,-0.3607738011425846,2.0083742012400037,-0.5130775828799559,2.008378640804672,-0.5005641901243507,2.008378882220231,-0.5130775828799559
2.0083432794711715,-0.4630240118575356,2.0083432794711715,-0.5130775828799559,2.0083432555337186,1.2033265143443617,2.0083429922308036,-0.5130775828799559,2.008342968294999,-0.4086658337271871,2.0083379209101753,-0.5130775828799559,2.008331303986592,-0.4086658337271871,2.008329967545209,-0.5130775828799559,2.008329084774502,1.8644670406850068,2.008319648446217,-0.4086658337271871,2.0083195532388465,-0.35427152943195334,2.0083195532388465,-0.21353032281504528,2.008319124832645,0.1651483044738388,2.0083128941335207,-0.4419337520063475,2.008311159761183,2.5529664234911533,2.0083526015711395,-0.4505106191019305,2.0083526255622512,-0.4004570480795102,2.0083526495535007,-0.4630240118575356,2.0083526495535007,-0.5130775828799559,2.0083527455198777,-0.5130775828799559,2.0083529854454687,-0.4717959001792147,2.0083529854454687,-0.42054104345225635,2.0083529854454687,-0.4244327085992496,2.0083579309809645,0.3244983776718912,2.008360333838365,-0.5130775828799559,2.008369501398754,0.3244983776718912,2.0083697663776006,-0.3607738011425846,2.0083742012400037,-0.5130775828799559,2.008378640804672,-0.5005641901243507,2.008378882220231,-0.5130775828799559
2.0083433752223563,-0.5130775828799559,2.0083433752223563,-0.4630240118575356,2.008343351284354,1.2033265143443617,2.008342968294999,-0.4086658337271871,2.0083405275641817,-0.5130775828799559,2.0083379209101753,-0.5130775828799559,2.008331303986592,-0.4086658337271871,2.008331303986592,-0.5130775828799559,2.008329967545209,-0.5130775828799559,2.008329084774502,1.8644670406850068,2.008319648446217,-0.4086658337271871,2.0083195532388465,-0.45852143036282106,2.008319124832645,0.1651483044738388,2.0083168407445116,-0.41626984710298576,2.008313345664224,-0.4449166069776794,2.008352457627362,-0.4505106191019305,2.008352481617647,-0.36936718591660506,2.008352481617647,-0.4630240118575356,2.00835250560807,-0.5130775828799559,2.0083529614522893,-0.5130775828799559,2.0083529854454687,-0.4717959001792147,2.0083529854454687,-0.42054104345225635,2.0083529854454687,-0.4244327085992496,2.0083579309809645,0.3244983776718912,2.008360333838365,-0.5130775828799559,2.008369501398754,0.3244983776718912,2.0083697663776006,-0.3607738011425846,2.0083742012400037,-0.5130775828799559,2.0083775063378657,0.3241598778844593,2.008378640804672,-0.5005641901243507
2.008343447037187,-0.5130775828799559,2.0083434230987725,-0.5130775828799559,2.0083433991604958,1.2033265143443617,2.008342968294999,-0.4086658337271871,2.0083401926733644,-0.5130775828799559,2.0083379209101753,-0.5130775828799559,2.008331303986592,-0.4086658337271871,2.008329967545209,-0.5130775828799559,2.008329084774502,1.8644670406850068,2.008319648446217,-0.4086658337271871,2.0083195532388465,-0.45852143036282106,2.0083182443584398,0.1651483044738388,2.0083174592278605,-0.4813035885083162,2.0083174592278605,-0.2338280594494499,2.0083168407445116,-0.41626984710298576,2.0083524096472054,-0.4505106191019305,2.008352433637215,-0.35915938577622025,2.008352481617647,-0.5130775828799559,2.00835250560807,-0.5130775828799559,2.0083529854454687,-0.4717959001792147,2.0083529854454687,-0.42054104345225635,2.0083529854454687,-0.4244327085992496,2.0083579309809645,0.3244983776718912,2.008369501398754,0.3244983776718912,2.0083697663776006,-0.3607738011425846,2.0083742012400037,-0.5130775828799559,2.0083775063378657,0.3241598778844593,2.008378640804672,-0.5005641901243507,2.008378882220231,-0.5130775828799559,2.008379316803296,0.8008286564585763
2.0083434230987725,-0.5130775828799559,2.0083433991604958,1.2033265143443617,2.008342968294999,-0.4086658337271871,2.0083428486180366,-0.5130775828799559,2.0083379209101753,-0.5130775828799559,2.008331303986592,-0.4086658337271871,2.008329967545209,-0.5130775828799559,2.008329084774502,1.8644670406850068,2.008319648446217,-0.4086658337271871,2.0083195532388465,-0.45852143036282106,2.0083182443584398,0.1651483044738388,2.0083174592278605,-0.4813035885083162,2.0083174592278605,-0.2338280594494499,2.0083168407445116,-0.41626984710298576,2.008313488263058,-0.44536466151868653,2.008352481617647,-0.5130775828799559,2.0083529614522893,-0.4505106191019305,2.0083529854454687,-0.4717959001792147,2.0083529854454687,-0.42054104345225635,2.0083529854454687,-0.4244327085992496,2.0083579309809645,0.3244983776718912,2.0083601415589305,-0.5130775828799559,2.008369501398754,0.3244983776718912,2.0083697663776006,-0.3607738011425846,2.0083742012400037,-0.5130775828799559,2.0083775063378657,0.3241598778844593,2.008378640804672,-0.5005641901243507,2.008378882220231,-0.5130775828799559,2.008379316803296,0.8008286564585763,2.0083852364475203,-0.11264901470059371
2.008343638549446,-0.5005641901243507,2.008343614609933,-0.3557566188841886,2.0083435906705573,-0.5130775828799559,2.0083435667313188,1.2033265143443617,2.008342968294999,-0.4086658337271871,2.0083379209101753,-0.5130775828799559,2.008331303986592,-0.4086658337271871,2.008329967545209,-0.5130775828799559,2.008329084774502,1.8644670406850068,2.008319648446217,-0.4086658337271871,2.0083195532388465,-0.45852143036282106,2.0083182443584398,0.1651483044738388,2.0083128941335207,-0.4419337520063475,2.0083123238490517,-0.42586564223047946,2.0083080492083356,-0.4086658337271871,2.0083529614522893,-0.4755374046131407,2.0083529614522893,-0.5130775828799559,2.0083529854454687,-0.4717959001792147,2.0083529854454687,-0.42054104345225635,2.0083529854454687,-0.4244327085992496,2.0083579309809645,0.3244983776718912,2.0083601415589305,-0.5130775828799559,2.008369501398754,0.3244983776718912,2.0083697663776006,-0.3607738011425846,2.0083742012400037,-0.5130775828799559,2.0083775063378657,0.3241598778844593,2.008378640804672,-0.5005641901243507,2.008378882220231,-0.5130775828799559,2.008379316803296,0.8008286564585763,2.0083852364475203,-0.11264901470059371
2.008344021600342,-0.5005641901243507,2.008343997658631,-0.3253766915458799,2.008343997658631,-0.5130775828799559,2.00834394977562,1.2033265143443617,2.0083438061298855,-0.5130775828799559,2.008342968294999,-0.4086658337271871,2.008338446892581,2.014627753752267,2.0083379209101753,-0.5130775828799559,2.008331303986592,-0.4086658337271871,2.008329967545209,-0.5130775828799559,2.008319648446217,-0.4086658337271871,2.0083195532388465,-0.45852143036282106,2.0083195532388465,-0.2833640014671418,2.0083148431960107,0.1651483044738388,2.0083128941335207,-0.4419337520063475,2.008352937459248,-0.48805079736874574,2.008352937459248,-0.5130775828799559,2.008352937459248,-0.4755374046131407,2.0083529614522893,-0.4630240118575356,2.0083529614522893,-0.5130775828799559,2.0083529854454687,-0.4717959001792147,2.0083529854454687,-0.42054104345225635,2.0083529854454687,-0.4244327085992496,2.0083579309809645,0.3244983776718912,2.0083601415589305,-0.5130775828799559,2.008369501398754,0.3244983776718912,2.0083697663776006,-0.3607738011425846,2.0083742012400037,-0.5130775828799559,2.0083775063378657,0.3241598778844593,2.008378640804672,-0.5005641901243507
2.0083443328550934,-0.4004570480795102,2.0083443089115955,-0.5005641901243507,2.0083443089115955,-0.5130775828799559,2.0083442849682354,-0.5130775828799559,2.008344237081927,1.2033265143443617,2.0083440934263006,-0.5130775828799559,2.008342968294999,-0.4086658337271871,2.0083379209101753,-0.5130775828799559,2.0083325931041203,1.7643598986401663,2.008331303986592,-0.4086658337271871,2.008329967545209,-0.5130775828799559,2.008319648446217,-0.4086658337271871,2.0083174592278605,-0.4587018734863568,2.0083128941335207,-0.4419337520063475,2.0083127753178034,0.1651483044738388,2.0083529614522893,-0.5130775828799559,2.0083529614522893,-0.4755374046131407,2.0083529614522893,-0.48805079736874574,2.0083529854454687,-0.4717959001792147,2.0083529854454687,-0.42054104345225635,2.0083529854454687,-0.4244327085992496,2.0083579309809645,0.3244983776718912,2.0083601415589305,-0.5130775828799559,2.008369501398754,0.3244983776718912,2.0083697663776006,-0.3607738011425846,2.0083742012400037,-0.5130775828799559,2.0083775063378657,0.3241598778844593,2.0083786166638813,-0.11264901470059371,2.008378640804672,-0.5005641901243507,2.008378882220231,-0.5130775828799559
2.008344356798728,-0.5005641901243507,2.0083442849682354,-0.5130775828799559,2.008344261025013,-0.34298636371548913,2.008344261025013,-0.4630240118575356,2.008344261025013,-0.5130775828799559,2.008344237081927,1.2033265143443617,2.008342968294999,-0.4086658337271871,2.0083408385583086,-0.5130775828799559,2.0083379209101753,-0.5130775828799559,2.0083325931041203,1.7643598986401663,2.008331303986592,-0.4086658337271871,2.008329967545209,-0.5130775828799559,2.008319648446217,-0.4086658337271871,2.0083128941335207,-0.4419337520063475,2.0083128941335207,-0.46213761316829954,2.008352937459248,-0.5130775828799559,2.0083529614522893,-0.4755374046131407,2.0083529614522893,-0.5130775828799559,2.0083529854454687,-0.4717959001792147,2.0083529854454687,-0.42054104345225635,2.0083529854454687,-0.4244327085992496,2.0083579309809645,0.3244983776718912,2.0083601415589305,-0.5130775828799559,2.008369501398754,0.3244983776718912,2.0083697663776006,-0.3607738011425846,2.0083742012400037,-0.5130775828799559,2.008377482203612,-0.11264901470059371,2.0083775063378657,0.3241598778844593,2.008378640804672,-0.5005641901243507,2.008378882220231,-0.5130775828799559
2.0083443807425008,-0.5130775828799559,2.0083443328550934,-0.5005641901243507,2.0083443328550934,-0.5130775828799559,2.0083443089115955,-0.4004570480795102,2.0083430161667457,-0.5130775828799559,2.0083429922308036,1.2033265143443617,2.0083379209101753,-0.5130775828799559,2.008331303986592,-0.4086658337271871,2.008329967545209,-0.5130775828799559,2.008319648446217,-0.4086658337271871,2.0083174354383386,0.43042100637936437,2.008316269918439,-0.4653127614461068,2.0083128941335207,-0.4419337520063475,2.0083107559701405,0.1651483044738388,2.0083080492083356,-0.4086658337271871,2.0083479499008177,-0.4755374046131407,2.0083479738652152,-0.4755374046131407,2.008352937459248,-0.5130775828799559,2.0083529854454687,-0.4717959001792147,2.0083529854454687,-0.42054104345225635,2.0083529854454687,-0.4244327085992496,2.0083579309809645,0.3244983776718912,2.0083601415589305,-0.5130775828799559,2.0083647827687776,-0.36087173095429,2.008369501398754,0.3244983776718912,2.008374008322175,1.0761232970818877,2.0083742012400037,-0.5130775828799559,2.008377482203612,-0.11264901470059371,2.0083775063378657,0.3241598778844593,2.008378640804672,-0.5005641901243507
2.008344428630458,-0.5130775828799559,2.008344428630458,-0.5005641901243507,2.0083443807425008,-0.5130775828799559,2.008343662489097,-0.5130775828799559,2.0083430161667457,-0.5130775828799559,2.0083379209101753,-0.5130775828799559,2.008331303986592,-0.4086658337271871,2.008329967545209,-0.5130775828799559,2.0083238159028394,1.914520611707427,2.008319648446217,-0.4086658337271871,2.0083174354383386,0.43042100637936437,2.0083159607536984,-0.4865374026220973,2.0083128941335207,-0.4419337520063475,2.0083128941335207,-0.4680682480710692,2.0083107559701405,0.1651483044738388,2.0083479738652152,-0.4755374046131407,2.0083529134663443,-0.5130775828799559,2.0083529134663443,-0.4755374046131407,2.0083529854454687,-0.4717959001792147,2.0083529854454687,-0.42054104345225635,2.0083529854454687,-0.4244327085992496,2.0083579309809645,0.3244983776718912,2.0083601415589305,-0.5130775828799559,2.0083647827687776,-0.36087173095429,2.008369501398754,0.3244983776718912,2.008374008322175,1.0761232970818877,2.0083742012400037,-0.5130775828799559,2.008377482203612,-0.11264901470059371,2.0083775063378657,0.3241598778844593,2.008378640804672,-0.5005641901243507
2.008338064353341,-0.5130775828799559,2.008338040445804,-0.5005641901243507,2.008338016538404,-0.4004570480795102,2.0083379926311413,-0.5130775828799559,2.008337944817027,-0.5130775828799559,2.0083379209101753,1.2033265143443617,2.0083367257423643,-0.5130775828799559,2.008331303986592,-0.4086658337271871,2.008329967545209,-0.5130775828799559,2.0083238159028394,1.914520611707427,2.008319648446217,-0.4086658337271871,2.0083174354383386,0.43042100637936437,2.0083159607536984,-0.4865374026220973,2.0083128941335207,-0.4419337520063475,2.0083128941335207,-0.4596190175815934,2.0083479738652152,-0.4755374046131407,2.008352937459248,-0.5130775828799559,2.0083529614522893,-0.4755374046131407,2.0083529854454687,-0.4717959001792147,2.0083529854454687,-0.42054104345225635,2.0083529854454687,-0.4244327085992496,2.0083579309809645,0.3244983776718912,2.0083601415589305,-0.5130775828799559,2.0083647827687776,-0.36087173095429,2.008369501398754,0.3244983776718912,2.008374008322175,1.0761232970818877,2.0083742012400037,-0.5130775828799559,2.008377482203612,-0.11264901470059371,2.0083775063378657,0.3241598778844593,2.008378640804672,-0.5005641901243507
2.0083382556185736,-0.48805079736874574,2.0083382317099394,-0.5005641901243507,2.008338207801443,-0.3874479122431064,2.008338207801443,-0.5130775828799559,2.008338064353341,1.2033265143443617,2.008338040445804,-0.5130775828799559,2.008334766408713,-0.5130775828799559,2.0083324976002523,1.914520611707427,2.008331303986592,-0.4086658337271871,2.008329967545209,-0.5130775828799559,2.008319648446217,-0.4086658337271871,2.0083174354383386,0.43042100637936437,2.0083159607536984,-0.4865374026220973,2.0083128941335207,-0.4419337520063475,2.0083118961870463,-0.4585226942154893,2.0083479738652152,-0.4755374046131407,2.008352937459248,-0.5130775828799559,2.0083529614522893,-0.4755374046131407,2.0083529854454687,-0.4717959001792147,2.0083529854454687,-0.42054104345225635,2.0083529854454687,-0.4244327085992496,2.0083579309809645,0.3244983776718912,2.0083601415589305,-0.5130775828799559,2.0083647827687776,-0.36087173095429,2.008369501398754,0.3244983776718912,2.0083742012400037,-0.5130775828799559,2.0083774580694973,0.1638969651982783,2.0083775063378657,0.3241598778844593,2.008378640804672,-0.5005641901243507,2.008378882220231,-0.5130775828799559
2.0083401926733644,-0.5005641901243507,2.0083401926733644,-0.5130775828799559,2.008340168753621,-0.4004570480795102,2.008340168753621,-0.4630240118575356,2.0083399534821025,1.2033265143443617,2.008339929563731,-0.5130775828799559,2.0083335721450064,-0.5130775828799559,2.008331303986592,-0.4086658337271871,2.008329967545209,-0.5130775828799559,2.0083199816891737,1.6517393638397206,2.008319648446217,-0.4086658337271871,2.0083159607536984,-0.31804957452497734,2.0083118961870463,-0.46293554217075344,2.0083081916255257,0.1651483044738388,2.0083080492083356,-0.4086658337271871,2.0083479738652152,-0.4755374046131407,2.008352937459248,-0.5130775828799559,2.0083529614522893,-0.4755374046131407,2.0083529854454687,-0.4717959001792147,2.0083529854454687,-0.42054104345225635,2.0083529854454687,-0.4244327085992496,2.0083579309809645,0.3244983776718912,2.0083598050912017,-0.5130775828799559,2.0083647827687776,-0.36087173095429,2.008369501398754,0.3244983776718912,2.0083701518313304,0.9509893695258369,2.008374177124789,0.1638969651982783,2.0083742012400037,-0.5130775828799559,2.008378640804672,-0.5005641901243507,2.008378882220231,-0.5130775828799559
2.0083402883537107,-0.5130775828799559,2.0083402644334183,-0.3730055299406537,2.0083402644334183,-0.5130775828799559,2.008338614264536,1.2033265143443617,2.0083335960269264,-0.5130775828799559,2.0083335721450064,-0.5130775828799559,2.008331303986592,-0.4086658337271871,2.008329967545209,-0.5130775828799559,2.0083199816891737,1.6517393638397206,2.008319648446217,-0.4086658337271871,2.0083159607536984,-0.31804957452497734,2.0083118961870463,-0.46293554217075344,2.0083081916255257,0.1651483044738388,2.0083080492083356,-0.4086658337271871,2.008308001737024,-0.3585655752363957,2.0083479738652152,-0.4755374046131407,2.008352937459248,-0.4755374046131407,2.008352937459248,-0.4630240118575356,2.0083529854454687,-0.4717959001792147,2.0083529854454687,-0.42054104345225635,2.0083529854454687,-0.4244327085992496,2.0083579309809645,0.3244983776718912,2.0083598050912017,-0.5130775828799559,2.0083647827687776,-0.36087173095429,2.008369501398754,0.3244983776718912,2.0083701518313304,0.9509893695258369,2.008374177124789,0.1638969651982783,2.0083742012400037,-0.5130775828799559,2.008378640804672,-0.5005641901243507,2.008378882220231,-0.5130775828799559
2.0083403601154113,-0.4004570480795102,2.008340336194707,-0.5005641901243507,2.0083402883537107,-0.5130775828799559,2.0083389490286043,-0.5130775828799559,2.008338614264536,1.2033265143443617,2.0083335721450064,-0.5130775828799559,2.008331327855514,-0.5130775828799559,2.008331303986592,-0.4086658337271871,2.008329967545209,-0.5130775828799559,2.0083199816891737,1.6517393638397206,2.008319648446217,-0.4086658337271871,2.0083159607536984,-0.31804957452497734,2.0083118961870463,-0.46293554217075344,2.0083081916255257,0.1651483044738388,2.0083080492083356,-0.4086658337271871,2.0083479738652152,-0.4755374046131407,2.008352937459248,-0.4755374046131407,2.0083529614522893,-0.5130775828799559,2.0083529854454687,-0.4717959001792147,2.0083529854454687,-0.42054104345225635,2.0083529854454687,-0.4244327085992496,2.0083579309809645,0.3244983776718912,2.0083598050912017,-0.5130775828799559,2.0083647827687776,-0.36087173095429,2.008369501398754,0.3244983776718912,2.0083701518313304,0.9509893695258369,2.008374177124789,0.1638969651982783,2.0083742012400037,-0.5130775828799559,2.008378640804672,-0.5005641901243507,2.008378882220231,-0.5130775828799559
2.008340407957231,-0.48805079736874574,2.0083403840362526,-0.5005641901243507,2.0083402883537107,-0.5130775828799559,2.0083389968542367,-0.4630240118575356,2.0083389968542367,-0.5130775828799559,2.0083389729413517,1.2033265143443617,2.0083335960269264,-0.3632164779754425,2.008331327855514,-0.5130775828799559,2.008331303986592,-0.4086658337271871,2.008329967545209,-0.5130775828799559,2.0083199816891737,1.6517393638397206,2.008319648446217,-0.4086658337271871,2.0083159607536984,-0.31804957452497734,2.0083118961870463,-0.46293554217075344,2.0083081916255257,0.1651483044738388,2.0083479738652152,-0.4755374046131407,2.008352937459248,-0.5130775828799559,2.0083529614522893,-0.4755374046131407,2.0083529854454687,-0.4717959001792147,2.0083529854454687,-0.42054104345225635,2.0083529854454687,-0.4244327085992496,2.0083579309809645,0.3244983776718912,2.0083598050912017,-0.5130775828799559,2.0083647827687776,-0.36087173095429,2.008369501398754,0.3244983776718912,2.0083701518313304,0.9509893695258369,2.008374177124789,0.1638969651982783,2.0083742012400037,-0.5130775828799559,2.008378640804672,-0.5005641901243507,2.008378882220231,-0.5130775828799559
2.008340503642517,-0.5005641901243507,2.0083404797209896,-0.38468065051556083,2.0083404797209896,-0.5130775828799559,2.0083404557995994,-0.5130775828799559,2.008340407957231,-0.5130775828799559,2.008339020767259,1.2033265143443617,2.008331327855514,-0.5130775828799559,2.008331303986592,-0.4086658337271871,2.008329967545209,-0.5130775828799559,2.0083199816891737,1.6517393638397206,2.008319648446217,-0.4086658337271871,2.0083159607536984,-0.31804957452497734,2.0083159607536984,-0.48543989048368147,2.008311919944892,-0.4620310741423783,2.0083081916255257,0.1651483044738388,2.0083479738652152,-0.4755374046131407,2.008352937459248,-0.5130775828799559,2.0083529614522893,-0.4755374046131407,2.0083529854454687,-0.4717959001792147,2.0083529854454687,-0.42054104345225635,2.0083529854454687,-0.4244327085992496,2.0083579309809645,0.3244983776718912,2.0083598050912017,-0.5130775828799559,2.0083647827687776,-0.36087173095429,2.008369501398754,0.3244983776718912,2.0083701518313304,0.9509893695258369,2.008374177124789,0.1638969651982783,2.0083742012400037,-0.5130775828799559,2.008378640804672,-0.5005641901243507,2.008378882220231,-0.5130775828799559
2.0083405514859836,-0.48805079736874574,2.0083405514859836,-0.5005641901243507,2.0083405514859836,-0.5130775828799559,2.0083405275641817,-0.4004570480795102,2.0083405275641817,-0.5130775828799559,2.008340431878347,-0.5130775828799559,2.008340407957231,-0.5130775828799559,2.008331327855514,-0.5130775828799559,2.008331303986592,-0.4086658337271871,2.008329967545209,-0.5130775828799559,2.0083285599725054,1.9395473972186372,2.008319648446217,-0.4086658337271871,2.0083159607536984,-0.31804957452497734,2.0083159607536984,-0.48543989048368147,2.008311919944892,-0.4620310741423783,2.0083479738652152,-0.4755374046131407,2.008352937459248,-0.5130775828799559,2.0083529614522893,-0.4755374046131407,2.0083529854454687,-0.4717959001792147,2.0083529854454687,-0.42054104345225635,2.0083529854454687,-0.4244327085992496,2.0083579309809645,0.3244983776718912,2.0083598050912017,-0.5130775828799559,2.0083647827687776,-0.36087173095429,2.008369501398754,0.3244983776718912,2.008374177124789,0.1638969651982783,2.0083742012400037,-0.5130775828799559,2.008378640804672,-0.5005641901243507,2.008378785652338,0.9259625840146267,2.008378882220231,-0.5130775828799559
2.008340671097051,-0.5130775828799559,2.008340503642517,-0.4630240118575356,2.0083404797209896,1.2033265143443617,2.0083313517245727,-0.5130775828799559,2.0083313517245727,-0.5005641901243507,2.008331327855514,-0.5130775828799559,2.008331303986592,-0.4086658337271871,2.008329967545209,-0.5130775828799559,2.0083285599725054,1.9395473972186372,2.008319648446217,-0.4086658337271871,2.0083159607536984,-0.31804957452497734,2.0083159607536984,-0.48543989048368147,2.008311919944892,-0.4620310741423783,2.0083081916255257,0.1651483044738388,2.0083080492083356,-0.4086658337271871,2.0083479738652152,-0.4755374046131407,2.008352937459248,-0.5130775828799559,2.008352937459248,-0.4630240118575356,2.0083529614522893,-0.4755374046131407,2.0083529854454687,-0.4717959001792147,2.0083529854454687,-0.42054104345225635,2.0083529854454687,-0.4244327085992496,2.0083579309809645,0.3244983776718912,2.0083598050912017,-0.5130775828799559,2.0083647827687776,-0.36087173095429,2.008369501398754,0.3244983776718912,2.008374177124789,0.1638969651982783,2.0083742012400037,-0.5130775828799559,2.008378640804672,-0.5005641901243507,2.008378785652338,0.9259625840146267
2.0083407907115487,-0.48805079736874574,2.0083407667883746,-0.5005641901243507,2.0083407667883746,-0.5130775828799559,2.0083407428653377,-0.3873760603419037,2.0083407428653377,-0.5130775828799559,2.0083406950196756,-0.5130775828799559,2.008340671097051,-0.5130775828799559,2.008340671097051,-0.4630240118575356,2.0083404797209896,1.2033265143443617,2.008331327855514,-0.5130775828799559,2.008331303986592,-0.4086658337271871,2.008329967545209,-0.5130775828799559,2.0083285599725054,1.9395473972186372,2.008319648446217,-0.4086658337271871,2.0083159607536984,-0.31804957452497734,2.0083479738652152,-0.4755374046131407,2.0083529614522893,-0.4755374046131407,2.0083529614522893,-0.5130775828799559,2.0083529854454687,-0.4717959001792147,2.0083529854454687,-0.42054104345225635,2.0083529854454687,-0.4244327085992496,2.0083579309809645,0.3244983776718912,2.0083598050912017,-0.5130775828799559,2.0083647827687776,-0.36087173095429,2.008369501398754,0.3244983776718912,2.008374177124789,0.1638969651982783,2.0083742012400037,-0.5130775828799559,2.008378640804672,-0.5005641901243507,2.008378785652338,0.9259625840146267,2.008378882220231,-0.5130775828799559
2.0083408864056174,-0.48805079736874574,2.0083408864056174,-0.5005641901243507,2.0083408624818944,-0.5130775828799559,2.008340671097051,-0.5130775828799559,2.0083401209145455,-0.5130775828799559,2.008331327855514,-0.5130775828799559,2.008331303986592,-0.4086658337271871,2.008329967545209,-0.5130775828799559,2.0083285599725054,1.9395473972186372,2.008319648446217,-0.4086658337271871,2.0083159607536984,-0.31804957452497734,2.0083159607536984,-0.48543989048368147,2.0083119437028736,-0.4940074601284471,2.008311919944892,-0.4620310741423783,2.0083081916255257,0.1651483044738388,2.0083479738652152,-0.4755374046131407,2.008352937459248,-0.5130775828799559,2.008352937459248,-0.4755374046131407,2.0083529614522893,-0.4630240118575356,2.0083529854454687,-0.4717959001792147,2.0083529854454687,-0.42054104345225635,2.0083529854454687,-0.4244327085992496,2.0083579309809645,0.3244983776718912,2.0083598050912017,-0.5130775828799559,2.0083647827687776,-0.36087173095429,2.008369501398754,0.3244983776718912,2.008374177124789,0.1638969651982783,2.0083742012400037,-0.5130775828799559,2.008378640804672,-0.5005641901243507,2.008378785652338,0.9259625840146267
2.008341053875521,-0.5005641901243507,2.008341053875521,-0.5130775828799559,2.008341029950837,-0.4004570480795102,2.0083409821018816,-0.5130775828799559,2.0083409581776097,-0.5130775828799559,2.0083313994631005,1.2033265143443617,2.008331375593768,-0.5130775828799559,2.008331327855514,-0.5130775828799559,2.008331303986592,-0.4086658337271871,2.008329967545209,-0.5130775828799559,2.0083285599725054,1.9395473972186372,2.008319648446217,-0.4086658337271871,2.0083159607536984,-0.31804957452497734,2.0083159607536984,-0.48543989048368147,2.0083119437028736,-0.4940074601284471,2.0083479738652152,-0.4755374046131407,2.008352937459248,-0.5130775828799559,2.0083529614522893,-0.4755374046131407,2.0083529614522893,-0.4630240118575356,2.0083529854454687,-0.4717959001792147,2.0083529854454687,-0.42054104345225635,2.0083529854454687,-0.4244327085992496,2.0083579309809645,0.3244983776718912,2.0083598050912017,-0.5130775828799559,2.0083647827687776,-0.36087173095429,2.008368176756152,2.5454458744450346,2.008369501398754,0.3244983776718912,2.008374177124789,0.1638969651982783,2.0083742012400037,-0.5130775828799559,2.008378640804672,-0.5005641901243507
2.0083409581776097,-0.5130775828799559,2.0083314710719176,-0.5005641901243507,2.008331447202175,-0.4004570480795102,2.0083314233325695,-0.5130775828799559,2.0083313994631005,1.2033265143443617,2.008331327855514,-0.5130775828799559,2.008331303986592,-0.4086658337271871,2.008329967545209,-0.5130775828799559,2.008319648446217,-0.4086658337271871,2.0083159607536984,-0.31804957452497734,2.0083159607536984,-0.48543989048368147,2.0083119437028736,-0.4940074601284471,2.008311919944892,-0.4662823241435966,2.0083085239512917,-0.4458688886797736,2.0083081916255257,0.1651483044738388,2.0083479738652152,-0.4755374046131407,2.0083529614522893,-0.4755374046131407,2.0083529614522893,-0.5130775828799559,2.0083529614522893,-0.4630240118575356,2.0083529854454687,-0.4717959001792147,2.0083529854454687,-0.42054104345225635,2.0083529854454687,-0.4244327085992496,2.0083579309809645,0.3244983776718912,2.0083598050912017,-0.5130775828799559,2.0083647827687776,-0.36087173095429,2.008368176756152,2.5454458744450346,2.008369501398754,0.3244983776718912,2.0083702482003103,0.9509893695258369,2.008374177124789,0.1638969651982783,2.0083742012400037,-0.5130775828799559
2.0083319246230147,-0.48805079736874574,2.0083319007506732,-0.4004570480795102,2.0083318768784686,-0.5005641901243507,2.0083318530064007,-0.5130775828799559,2.0083318052626753,-0.4630240118575356,2.0083317813910178,-0.5130775828799559,2.0083317813910178,1.2033265143443617,2.008331303986592,-0.4086658337271871,2.008329967545209,-0.5130775828799559,2.0083285599725054,2.0396545392634775,2.008327343640378,-0.5130775828799559,2.008319648446217,-0.4086658337271871,2.0083159607536984,-0.31804957452497734,2.0083159607536984,-0.48543989048368147,2.0083119437028736,-0.4940074601284471,2.0083479738652152,-0.4755374046131407,2.0083527455198777,-0.4755374046131407,2.0083529614522893,-0.5130775828799559,2.0083529854454687,-0.4717959001792147,2.0083529854454687,-0.42054104345225635,2.0083529854454687,-0.4244327085992496,2.0083579309809645,0.3244983776718912,2.0083598050912017,-0.5130775828799559,2.0083647827687776,-0.36087173095429,2.008368176756152,2.5454458744450346,2.008369501398754,0.3244983776718912,2.008374177124789,0.1638969651982783,2.0083742012400037,-0.5130775828799559,2.008378640804672,-0.5005641901243507,2.008378785652338,0.9509893695258369
2.0083319723681083,-0.48805079736874574,2.008331948495493,-0.4004570480795102,2.008331948495493,-0.5130775828799559,2.0083319246230147,-0.5005641901243507,2.0083319246230147,-0.5130775828799559,2.0083319007506732,-0.5130775828799559,2.0083319007506732,1.2033265143443617,2.008331303986592,-0.4086658337271871,2.008329967545209,-0.5130775828799559,2.0083285599725054,2.0396545392634775,2.008327343640378,-0.5130775828799559,2.008319648446217,-0.4086658337271871,2.0083159607536984,-0.31804957452497734,2.0083159607536984,-0.48543989048368147,2.0083119437028736,-0.4940074601284471,2.0083479738652152,-0.4755374046131407,2.0083529614522893,-0.4755374046131407,2.0083529614522893,-0.5130775828799559,2.0083529854454687,-0.4717959001792147,2.0083529854454687,-0.42054104345225635,2.0083529854454687,-0.4244327085992496,2.0083579309809645,0.3244983776718912,2.0083598050912017,-0.5130775828799559,2.0083647827687776,-0.36087173095429,2.008368176756152,2.5454458744450346,2.008369501398754,0.3244983776718912,2.008374177124789,0.1638969651982783,2.0083742012400037,-0.5130775828799559,2.008378640804672,-0.5005641901243507,2.008378785652338,0.9509893695258369
2.008332139480244,-0.48805079736874574,2.008332139480244,-0.5130775828799559,2.008332139480244,-0.5005641901243507,2.0083321156066716,-0.4004570480795102,2.0083321156066716,-0.4630240118575356,2.0083320917332355,-0.5130775828799559,2.0083320201137487,1.2033265143443617,2.0083319246230147,-0.5130775828799559,2.0083319007506732,-0.5130775828799559,2.008331303986592,-0.4086658337271871,2.008329967545209,-0.5130775828799559,2.0083285599725054,2.0396545392634775,2.008327343640378,-0.5130775828799559,2.008319648446217,-0.4086658337271871,2.0083159607536984,-0.31804957452497734,2.0083479738652152,-0.4755374046131407,2.0083479738652152,-0.4533863594312744,2.008352817496108,-0.4755374046131407,2.00835284148846,-0.5130775828799559,2.0083529854454687,-0.4717959001792147,2.0083529854454687,-0.42054104345225635,2.0083529854454687,-0.4244327085992496,2.0083579309809645,0.3244983776718912,2.0083598050912017,-0.5130775828799559,2.0083647827687776,-0.36087173095429,2.008368176756152,2.5454458744450346,2.008369501398754,0.3244983776718912,2.008374177124789,0.1638969651982783,2.0083742012400037,-0.5130775828799559,2.008378640804672,-0.5005641901243507
2.0083329273848993,-0.48805079736874574,2.0083329273848993,-0.5130775828799559,2.0083329035068114,-0.5005641901243507,2.00833287962886,-0.4004570480795102,2.008332855751046,-0.5130775828799559,2.0083328318733686,1.2033265143443617,2.008332736364027,-0.5130775828799559,2.008331303986592,-0.4086658337271871,2.008329967545209,-0.5130775828799559,2.008327343640378,-0.5130775828799559,2.0083198864741765,1.6767661493509307,2.008319648446217,-0.4086658337271871,2.0083159607536984,-0.31804957452497734,2.0083159607536984,-0.48543989048368147,2.0083159607536984,-0.510660195613857,2.0083479499008177,-0.48805079736874574,2.0083479499008177,-0.5130775828799559,2.0083479499008177,-0.4755374046131407,2.0083479499008177,-0.45338657215895123,2.0083479738652152,-0.4755374046131407,2.0083529854454687,-0.4717959001792147,2.0083529854454687,-0.42054104345225635,2.0083529854454687,-0.4244327085992496,2.0083579309809645,0.3244983776718912,2.0083594686505553,-0.5130775828799559,2.0083647827687776,-0.36087173095429,2.008369501398754,0.3244983776718912,2.0083700554645696,0.8759090129922067,2.0083741530097132,-0.11264901470059371,2.008374177124789,0.1638969651982783
2.00833302289862,-0.48805079736874574,2.00833302289862,-0.5130775828799559,2.0083329990199843,-0.4004570480795102,2.0083329751414856,-0.5005641901243507,2.008332855751046,-0.5130775828799559,2.0083328318733686,1.2033265143443617,2.008331303986592,-0.4086658337271871,2.008329967545209,-0.5130775828799559,2.008327343640378,-0.5130775828799559,2.0083198864741765,1.6767661493509307,2.008319648446217,-0.4086658337271871,2.0083159607536984,-0.31804957452497734,2.0083159607536984,-0.48543989048368147,2.0083159607536984,-0.510660195613857,2.008311919944892,-0.46063719480993875,2.008347925936558,-0.4755374046131407,2.008347925936558,-0.4533867723732353,2.0083479499008177,-0.48805079736874574,2.0083479499008177,-0.5130775828799559,2.0083479738652152,-0.4755374046131407,2.0083529614522893,-0.4630240118575356,2.0083529854454687,-0.4717959001792147,2.0083529854454687,-0.42054104345225635,2.0083529854454687,-0.4244327085992496,2.0083579309809645,0.3244983776718912,2.0083594686505553,-0.5130775828799559,2.0083647827687776,-0.36087173095429,2.008369501398754,0.3244983776718912,2.0083700554645696,0.8759090129922067,2.0083741530097132,-0.11264901470059371
2.0083333572138846,-0.4004570480795102,2.0083333333333333,-0.5005641901243507,2.0083333333333333,-0.5130775828799559,2.0083333094529188,1.2033265143443617,2.008331303986592,-0.4086658337271871,2.0083301345769335,-0.5130775828799559,2.008329967545209,-0.5130775828799559,2.0083285599725054,1.9395473972186372,2.008327343640378,-0.5130775828799559,2.008319648446217,-0.4086658337271871,2.0083159845347853,-0.4644854009438916,2.0083159607536984,-0.31804957452497734,2.0083159607536984,-0.48543989048368147,2.0083159607536984,-0.510660195613857,2.0083158656307103,0.07360675495770845,2.008347925936558,-0.4755374046131407,2.0083479499008177,-0.48805079736874574,2.0083479499008177,-0.5130775828799559,2.0083479738652152,-0.4755374046131407,2.0083529854454687,-0.4717959001792147,2.0083529854454687,-0.42054104345225635,2.0083529854454687,-0.4244327085992496,2.0083579309809645,0.3244983776718912,2.0083594686505553,-0.5130775828799559,2.0083647827687776,-0.36087173095429,2.008369501398754,0.3244983776718912,2.0083703686646555,2.5457211690856574,2.0083741530097132,-0.11264901470059371,2.008374177124789,0.1638969651982783,2.0083742012400037,-0.5130775828799559
2.0083336437911776,-0.5005641901243507,2.0083336199089836,-0.4004570480795102,2.0083336199089836,-0.5130775828799559,2.0083335960269264,-0.5130775828799559,2.008333548263223,-0.48805079736874574,2.0083335243815768,1.2033265143443617,2.0083335243815768,-0.5130775828799559,2.00833342885636,-0.5130775828799559,2.0083333333333333,-0.5130775828799559,2.008331303986592,-0.4086658337271871,2.008329967545209,-0.5130775828799559,2.008327343640378,-0.5130775828799559,2.0083199816891737,1.6517393638397206,2.008319648446217,-0.4086658337271871,2.0083159845347853,-0.4644854009438916,2.0083477821538884,-0.48805079736874574,2.0083478061173228,-0.46590120374043914,2.0083479738652152,-0.4755374046131407,2.008352937459248,-0.4755374046131407,2.008352937459248,-0.5130775828799559,2.0083529854454687,-0.4717959001792147,2.0083529854454687,-0.42054104345225635,2.0083529854454687,-0.4244327085992496,2.0083579309809645,0.3244983776718912,2.0083594686505553,-0.5130775828799559,2.0083647827687776,-0.36087173095429,2.008369501398754,0.3244983776718912,2.0083701518313304,0.9384759767702318,2.0083741530097132,-0.11264901470059371,2.008374177124789,0.1638969651982783
2.0083337870872153,-0.5130775828799559,2.0083337632042,-0.4004570480795102,2.0083337154385803,-0.5130775828799559,2.008333691555976,-0.5130775828799559,2.0083336676735084,1.2033265143443617,2.008331303986592,-0.4086658337271871,2.008329967545209,-0.5130775828799559,2.008327343640378,-0.5130775828799559,2.0083199816891737,1.6517393638397206,2.008319648446217,-0.4086658337271871,2.0083159845347853,-0.4644854009438916,2.0083159607536984,-0.31804957452497734,2.0083159607536984,-0.48543989048368147,2.0083159607536984,-0.510660195613857,2.0083158656307103,0.07360675495770845,2.0083479738652152,-0.4755374046131407,2.00835284148846,-0.5130775828799559,2.0083528654809504,-0.4755374046131407,2.0083529854454687,-0.4717959001792147,2.0083529854454687,-0.42054104345225635,2.0083529854454687,-0.4244327085992496,2.0083579309809645,0.3244983776718912,2.0083594686505553,-0.5130775828799559,2.008364590284649,-0.3608755099989021,2.008369501398754,0.3244983776718912,2.0083701518313304,0.9384759767702318,2.0083741530097132,-0.11264901470059371,2.008374177124789,0.1638969651982783,2.0083742012400037,-0.5130775828799559,2.0083786166638813,-0.11264901470059371
2.0083339065043444,-0.4004570480795102,2.008333882620645,-0.5130775828799559,2.0083338348536564,-0.5130775828799559,2.0083338109703672,1.2033265143443617,2.0083337870872153,-0.5130775828799559,2.008331303986592,-0.4086658337271871,2.008329967545209,-0.5130775828799559,2.008328583825707,2.1022215030415032,2.008327343640378,-0.5130775828799559,2.008319648446217,-0.4086658337271871,2.0083173878597025,-0.4134147538716886,2.0083159845347853,-0.4644854009438916,2.0083159607536984,-0.31804957452497734,2.0083159607536984,-0.48543989048368147,2.0083159607536984,-0.510660195613857,2.0083479738652152,-0.4755374046131407,2.0083479738652152,-0.4659000024547346,2.008352937459248,-0.4755374046131407,2.008352937459248,-0.5130775828799559,2.0083529854454687,-0.4717959001792147,2.0083529854454687,-0.42054104345225635,2.0083529854454687,-0.4244327085992496,2.0083579309809645,0.3244983776718912,2.0083594686505553,-0.5130775828799559,2.008364590284649,-0.3608755099989021,2.008369501398754,0.3244983776718912,2.0083741530097132,-0.11264901470059371,2.008374177124789,0.1638969651982783,2.0083742012400037,-0.5130775828799559,2.008376927154149,2.548386521742602
2.008333978156265,-0.5005641901243507,2.0083339542721546,-0.4004570480795102,2.008333930388181,-0.5130775828799559,2.0083339065043444,1.2033265143443617,2.0083337870872153,-0.5130775828799559,2.008331327855514,-0.5130775828799559,2.008331303986592,-0.4086658337271871,2.008329967545209,-0.5130775828799559,2.008328583825707,2.1022215030415032,2.008327343640378,-0.5130775828799559,2.008319648446217,-0.4086658337271871,2.0083174116489526,-0.23569608374679213,2.0083173640705887,-0.4230994316279253,2.0083159845347853,-0.4644854009438916,2.0083159607536984,-0.31804957452497734,2.0083479738652152,-0.4755374046131407,2.0083479738652152,-0.4659000024547346,2.0083528654809504,-0.5130775828799559,2.0083528894735783,-0.4755374046131407,2.0083529854454687,-0.4717959001792147,2.0083529854454687,-0.42054104345225635,2.0083529854454687,-0.4244327085992496,2.0083579309809645,0.3244983776718912,2.0083594686505553,-0.5130775828799559,2.008364590284649,-0.3608755099989021,2.008369501398754,0.3244983776718912,2.0083741530097132,-0.11264901470059371,2.008374177124789,0.1638969651982783,2.0083742012400037,-0.5130775828799559,2.008376927154149,2.548386521742602
2.008334384207087,-0.5005641901243507,2.0083343603206494,-0.5130775828799559,2.0083343125481847,-0.5130775828799559,2.008331303986592,-0.4086658337271871,2.008329967545209,-0.5130775828799559,2.008328583825707,2.1022215030415032,2.008327343640378,-0.5130775828799559,2.008319648446217,-0.4086658337271871,2.0083174116489526,-0.23569608374679213,2.0083159845347853,-0.4644854009438916,2.0083159607536984,-0.31804957452497734,2.0083159607536984,-0.48543989048368147,2.0083159607536984,-0.510660195613857,2.0083158656307103,0.07360675495770845,2.008312870370106,-0.05679557372969984,2.0083479738652152,-0.4755374046131407,2.0083479738652152,-0.4659000024547346,2.00835284148846,-0.4755374046131407,2.008352937459248,-0.5130775828799559,2.0083529854454687,-0.4717959001792147,2.0083529854454687,-0.42054104345225635,2.0083529854454687,-0.4244327085992496,2.0083579309809645,0.3244983776718912,2.0083594686505553,-0.5130775828799559,2.008364590284649,-0.3608755099989021,2.008369501398754,0.3244983776718912,2.0083741530097132,-0.11264901470059371,2.008374177124789,0.1638969651982783,2.0083742012400037,-0.5130775828799559,2.0083786166638813,-0.11264901470059371
2.0083345036413296,-0.4004570480795102,2.0083344797542075,1.2033265143443617,2.0083344797542075,-0.5130775828799559,2.0083343125481847,-0.5130775828799559,2.008331327855514,-0.5005641901243507,2.008331303986592,-0.4086658337271871,2.008329967545209,-0.5130775828799559,2.008328583825707,2.1022215030415032,2.008327343640378,-0.5130775828799559,2.008319648446217,-0.4086658337271871,2.0083174116489526,-0.23569608374679213,2.0083159845347853,-0.4644854009438916,2.0083159607536984,-0.31804957452497734,2.0083159607536984,-0.48543989048368147,2.0083159607536984,-0.510660195613857,2.0083479499008177,-0.48805079736874574,2.0083479499008177,-0.5130775828799559,2.0083479499008177,-0.4755374046131407,2.0083479738652152,-0.4755374046131407,2.0083529614522893,-0.4630240118575356,2.0083529854454687,-0.4717959001792147,2.0083529854454687,-0.42054104345225635,2.0083529854454687,-0.4244327085992496,2.0083579309809645,0.3244983776718912,2.0083594686505553,-0.5130775828799559,2.008364590284649,-0.3608755099989021,2.008369501398754,0.3244983776718912,2.0083741530097132,-0.11264901470059371,2.008374177124789,0.1638969651982783,2.0083742012400037,-0.5130775828799559
2.0083345514159854,-0.3253766915458799,2.008334527528589,-0.5130775828799559,2.0083345036413296,-0.5005641901243507,2.0083345036413296,-0.5130775828799559,2.0083344797542075,1.2033265143443617,2.008331303986592,-0.4086658337271871,2.008329967545209,-0.5130775828799559,2.008328583825707,2.1022215030415032,2.008327343640378,-0.5130775828799559,2.008319648446217,-0.4086658337271871,2.0083174116489526,-0.23569608374679213,2.0083159845347853,-0.4644854009438916,2.0083159607536984,-0.31804957452497734,2.0083159607536984,-0.48543989048368147,2.0083159607536984,-0.510660195613857,2.008347901972436,-0.48805079736874574,2.008347925936558,-0.4755374046131407,2.008347925936558,-0.465900340316339,2.0083479499008177,-0.5130775828799559,2.0083479738652152,-0.4755374046131407,2.0083529854454687,-0.4717959001792147,2.0083529854454687,-0.42054104345225635,2.0083529854454687,-0.4244327085992496,2.0083579309809645,0.3244983776718912,2.0083594686505553,-0.5130775828799559,2.008364590284649,-0.3608755099989021,2.008369501398754,0.3244983776718912,2.0083741530097132,-0.11264901470059371,2.008374177124789,0.1638969651982783,2.0083742012400037,-0.5130775828799559
2.008334814186381,-0.38505855497678015,2.0083347902974786,-0.5130775828799559,2.008334718631593,-0.5130775828799559,2.008334694743238,-0.5130775828799559,2.0083346708550205,1.2033265143443617,2.008331303986592,-0.4086658337271871,2.008329967545209,-0.5130775828799559,2.008327343640378,-0.5130775828799559,2.0083199816891737,1.7393331131289562,2.008319648446217,-0.4086658337271871,2.0083174116489526,-0.23569608374679213,2.0083159845347853,-0.4644854009438916,2.0083159607536984,-0.31804957452497734,2.0083159607536984,-0.48543989048368147,2.0083159607536984,-0.510660195613857,2.008347710264411,-0.48805079736874574,2.0083477342274327,-0.4659017167895421,2.0083479499008177,-0.5130775828799559,2.0083479738652152,-0.4755374046131407,2.0083529854454687,-0.4717959001792147,2.0083529854454687,-0.42054104345225635,2.0083529854454687,-0.4244327085992496,2.0083579309809645,0.3244983776718912,2.0083594686505553,-0.5130775828799559,2.008364590284649,-0.3608755099989021,2.008369501398754,0.3244983776718912,2.0083701518313304,0.9259625840146267,2.008374177124789,0.1638969651982783,2.0083742012400037,-0.5130775828799559,2.008378640804672,-0.5005641901243507
2.008334957522672,-0.4004570480795102,2.0083349336329475,-0.5130775828799559,2.0083349097433603,-0.5130775828799559,2.0083348858539103,1.2033265143443617,2.008334694743238,-0.5130775828799559,2.008331303986592,-0.4086658337271871,2.008329967545209,-0.5130775828799559,2.0083285599725054,2.064681324774688,2.008327343640378,-0.5130775828799559,2.0083248643774243,0.04855636918776122,2.0083218626320325,-0.04788021936007766,2.008319648446217,-0.4086658337271871,2.008318839253021,-0.4289231145628129,2.008318815455604,-0.009242353767348045,2.0083174116489526,-0.23569608374679213,2.008347925936558,-0.48805079736874574,2.0083479499008177,-0.5130775828799559,2.0083479499008177,-0.4755374046131407,2.0083479738652152,-0.4755374046131407,2.0083529854454687,-0.4717959001792147,2.0083529854454687,-0.42054104345225635,2.0083529854454687,-0.4244327085992496,2.0083579309809645,0.3244983776718912,2.0083594686505553,-0.5130775828799559,2.008364590284649,-0.3608755099989021,2.008369501398754,0.3244983776718912,2.008374177124789,0.1638969651982783,2.0083742012400037,-0.5130775828799559,2.008378640804672,-0.5005641901243507,2.008378785652338,0.9885295477926521
2.00834394977562,-0.4630240118575356,2.00834394977562,-0.5130775828799559,2.0083439258343208,-0.24871225210992465,2.008335005302531,-0.3253766915458799,2.008331303986592,-0.4086658337271871,2.008329967545209,-0.5130775828799559,2.0083285599725054,2.064681324774688,2.008327343640378,-0.5130775828799559,2.0083247213880644,-0.24871225210992465,2.008309188682588,0.1651483044738388,2.0083083340475985,2.5516525172518145,2.0083080492083356,-0.4086658337271871,2.008298802552424,-0.5130775828799559,2.0082982341996827,-0.5130775828799559,2.008288418730458,-0.49668092146389664,2.008352937459248,-0.48805079736874574,2.008352937459248,-0.5130775828799559,2.0083529614522893,-0.4755374046131407,2.0083529614522893,-0.4630240118575356,2.0083529854454687,-0.4717959001792147,2.0083529854454687,-0.42054104345225635,2.0083529854454687,-0.4244327085992496,2.0083579309809645,0.3244983776718912,2.0083594686505553,-0.5130775828799559,2.008369501398754,0.3244983776718912,2.0083697904674187,-0.3607733256336599,2.008374177124789,0.1638969651982783,2.0083742012400037,-0.5130775828799559,2.008378640804672,-0.5005641901243507,2.008378785652338,0.9885295477926521
2.008344237081927,-0.5005641901243507,2.008344237081927,1.2033265143443617,2.008344237081927,-0.5130775828799559,2.00834394977562,-0.5130775828799559,2.0083439258343208,-0.24871225210992465,2.0083428007482125,-0.5130775828799559,2.008339666470698,-0.5130775828799559,2.008331303986592,-0.4086658337271871,2.0083204339901743,-0.24871225210992465,2.0083200769063505,1.7643598986401663,2.008316507753113,-0.45359495768851027,2.008310945984567,2.554555624371115,2.008309188682588,0.1651483044738388,2.0083080492083356,-0.4086658337271871,2.008300839789225,-0.22244004615792742,2.008352937459248,-0.48805079736874574,2.008352937459248,-0.4755374046131407,2.008352937459248,-0.5130775828799559,2.0083529614522893,-0.4630240118575356,2.0083529854454687,-0.4717959001792147,2.0083529854454687,-0.42054104345225635,2.0083529854454687,-0.4244327085992496,2.0083579309809645,0.3244983776718912,2.00835920432333,-0.5130775828799559,2.008360405945433,-0.5130775828799559,2.008369501398754,0.3244983776718912,2.0083697904674187,-0.3607733256336599,2.0083702482003103,0.8633956202366017,2.0083786166638813,0.1638969651982783,2.008378640804672,-0.5005641901243507
2.0083449554342647,-0.5005641901243507,2.0083449554342647,-0.5130775828799559,2.008344931487194,-0.4004570480795102,2.008344931487194,-0.5130775828799559,2.008344835700286,-0.5130775828799559,2.0083448117539024,1.2033265143443617,2.00834394977562,-0.5130775828799559,2.0083439258343208,-0.24871225210992465,2.008341604181129,-0.5130775828799559,2.008339666470698,-0.5130775828799559,2.0083344319803733,1.6517393638397206,2.008331303986592,-0.4086658337271871,2.008322053154682,-0.4480049498499409,2.0083204339901743,-0.24871225210992465,2.0083158418503033,0.1651483044738388,2.008352937459248,-0.48805079736874574,2.008352937459248,-0.5130775828799559,2.0083529614522893,-0.4755374046131407,2.0083529614522893,-0.4630240118575356,2.0083529854454687,-0.4717959001792147,2.0083529854454687,-0.42054104345225635,2.0083529854454687,-0.4244327085992496,2.0083579309809645,0.3244983776718912,2.00835920432333,-0.5130775828799559,2.008360405945433,-0.5130775828799559,2.008369501398754,0.3244983776718912,2.0083697904674187,-0.3607733256336599,2.008378640804672,-0.5005641901243507,2.008378882220231,-0.5130775828799559,2.008382940082734,0.1638969651982783
2.008345218861113,-0.38947530711058403,2.0083451949125304,-0.5005641901243507,2.0083451949125304,-0.5130775828799559,2.0083451709640854,-0.5130775828799559,2.0083451230676075,1.2033265143443617,2.0083439258343208,-0.24871225210992465,2.0083438061298855,-0.5130775828799559,2.008341604181129,-0.5130775828799559,2.008339666470698,-0.5130775828799559,2.0083360327020157,-0.24871225210992465,2.0083344319803733,1.6517393638397206,2.008325484054751,-0.24871225210992465,2.0083216959318695,-0.4539899053906627,2.008318863050574,0.1651483044738388,2.0083149620708487,-0.24871225210992465,2.008352937459248,-0.4755374046131407,2.008352937459248,-0.48805079736874574,2.0083529614522893,-0.5130775828799559,2.0083529854454687,-0.4717959001792147,2.0083529854454687,-0.42054104345225635,2.0083529854454687,-0.4244327085992496,2.0083579309809645,0.3244983776718912,2.00835920432333,-0.5130775828799559,2.008360405945433,-0.5130775828799559,2.008369501398754,0.3244983776718912,2.0083697904674187,-0.3607733256336599,2.008378640804672,-0.5005641901243507,2.008378882220231,-0.5130775828799559,2.008382940082734,0.1638969651982783,2.0083829642484448,0.1638031147526112
2.0083510424444317,-0.5005641901243507,2.008351018462413,-0.4004570480795102,2.0083509944805327,-0.5130775828799559,2.0083509704987894,1.2033265143443617,2.0083509704987894,-0.5130775828799559,2.008350826611224,-0.5130775828799559,2.008350754669301,-0.007298761091154676,2.008350754669301,-0.0799515194301977,2.0083506827286173,-0.24871225210992465,2.0083496756891783,-0.5130775828799559,2.008341604181129,-0.5130775828799559,2.008339666470698,-0.5130775828799559,2.008337849190443,-0.24871225210992465,2.0083261991816963,-0.30471970791885455,2.0083212673049737,0.1651483044738388,2.0083645181053846,-0.46578195110747816,2.008364590284649,-0.5130775828799559,2.008364590284649,-0.4755374046131407,2.008364590284649,-0.4630240118575356,2.008364590284649,-0.48805079736874574,2.0083646143446807,0.1642751699809237,2.008368706562873,-0.5130775828799559,2.00837639630609,0.1642751699809237,2.008378640804672,-0.5005641901243507,2.008378882220231,-0.5130775828799559,2.008381442080719,-0.36054436808641055,2.008386687431505,2.5498631020877633,2.008388211505234,0.1642751699809237,2.0083961068395935,0.1638969651982783,2.008396155323099,0.1635397203484985
2.0083511143913135,-0.5005641901243507,2.008351090408882,-0.4630240118575356,2.008351090408882,-0.37778728522774585,2.008351090408882,-0.5130775828799559,2.008351066426588,-0.5130775828799559,2.008351066426588,1.2033265143443617,2.0083510424444317,-0.5130775828799559,2.0083509944805327,-0.5130775828799559,2.0083506827286173,-0.24871225210992465,2.0083482135167565,-0.5130775828799559,2.008341604181129,-0.5130775828799559,2.008339666470698,-0.5130775828799559,2.0083392359906282,1.8144134696625867,2.008337849190443,-0.24871225210992465,2.0083261991816963,-0.30471970791885455,2.008364566224756,-0.48805079736874574,2.008364566224756,-0.4755374046131407,2.008364590284649,-0.4630240118575356,2.008364590284649,-0.5130775828799559,2.0083646143446807,0.1642751699809237,2.008365191826966,-0.5130775828799559,2.008368706562873,-0.5130775828799559,2.00837639630609,0.1642751699809237,2.008378640804672,-0.5005641901243507,2.008378882220231,-0.5130775828799559,2.008381442080719,-0.36054436808641055,2.008386687431505,2.5498631020877633,2.008388211505234,0.1642751699809237,2.008389542498745,1.0761232970818877,2.0083961068395935,0.1638969651982783
2.0083542332807602,-0.3253766915458799,2.008354209280412,-0.5130775828799559,2.008354185280201,-0.1985034023968001,2.008354185280201,-0.4392360522291303,2.008353273374372,-0.5130775828799559,2.008353225384843,-0.5130775828799559,2.0083509704987894,-0.5130775828799559,2.0083506827286173,-0.24871225210992465,2.008341604181129,-0.5130775828799559,2.008339666470698,-0.5130775828799559,2.0083392359906282,1.8144134696625867,2.008337849190443,-0.24871225210992465,2.0083261991816963,-0.30471970791885455,2.008321815002733,0.1651483044738388,2.008321791188288,-0.4311016962415638,2.008364397809379,-0.46578281453157827,2.008364566224756,-0.48805079736874574,2.008364590284649,-0.5130775828799559,2.0083646143446807,0.1642751699809237,2.0083656009251643,-0.5130775828799559,2.008368706562873,-0.5130775828799559,2.00837639630609,0.1642751699809237,2.008378640804672,-0.5005641901243507,2.008378882220231,-0.5130775828799559,2.008381442080719,-0.36054436808641055,2.008386687431505,2.5498631020877633,2.008388211505234,0.1642751699809237,2.008389518295093,0.1638969651982783,2.008389542498745,1.0761232970818877,2.008396155323099,0.1635397203484985
2.0083543052826327,-0.5005641901243507,2.008354281281871,-0.4004570480795102,2.0083542572812467,-0.5130775828799559,2.0083542332807602,1.2033265143443617,2.0083542332807602,-0.5130775828799559,2.008354185280201,-0.1985034023968001,2.008354185280201,-0.4392360522291303,2.008354185280201,0.024898198469017127,2.008353273374372,-0.5130775828799559,2.008353225384843,-0.5130775828799559,2.0083509704987894,-0.5130775828799559,2.0083506827286173,-0.24871225210992465,2.008341604181129,-0.5130775828799559,2.008339666470698,-0.5130775828799559,2.0083392359906282,1.8144134696625867,2.008364349691946,-0.46578315239318274,2.008364590284649,-0.4755374046131407,2.008364590284649,-0.5130775828799559,2.0083646143446807,0.1642751699809237,2.008368706562873,-0.5130775828799559,2.00837639630609,0.1642751699809237,2.008378640804672,-0.5005641901243507,2.008378882220231,-0.5130775828799559,2.008381442080719,-0.36054436808641055,2.008386687431505,2.5498631020877633,2.008388211505234,0.1642751699809237,2.008389518295093,0.1638969651982783,2.008389542498745,1.0761232970818877,2.008396155323099,0.1635397203484985,2.0084048914849895,0.26275276796755825
2.0083553134391825,-0.5005641901243507,2.0083552894326275,-0.4004570480795102,2.0083552894326275,-0.5130775828799559,2.0083552414199315,-0.0840183720757693,2.0083552414199315,-0.45675480208697744,2.0083552414199315,-0.07205556860141092,2.0083543052826327,1.2033265143443617,2.008353225384843,-0.5130775828799559,2.0083509704987894,-0.5130775828799559,2.0083506827286173,-0.24871225210992465,2.008341604181129,-0.5130775828799559,2.008339666470698,-0.5130775828799559,2.0083392359906282,1.8144134696625867,2.008337849190443,-0.24871225210992465,2.0083261991816963,-0.30471970791885455,2.008364542165001,-0.48805079736874574,2.008364542165001,-0.5130775828799559,2.008364566224756,-0.5130775828799559,2.0083646143446807,0.1642751699809237,2.008368706562873,-0.5130775828799559,2.00837639630609,0.1642751699809237,2.008378640804672,-0.5005641901243507,2.008378882220231,-0.5130775828799559,2.008381442080719,-0.36054436808641055,2.008386687431505,2.5498631020877633,2.008388211505234,0.1642751699809237,2.008389518295093,0.1638969651982783,2.008389542498745,1.0761232970818877,2.008396155323099,0.1635397203484985,2.0084048671926933,0.25023937521195316
2.0083563218390803,-0.3978667757791,2.0083553854596756,-0.5130775828799559,2.0083553614527068,-0.5005641901243507,2.0083553614527068,-0.4630240118575356,2.0083553374458756,-0.4004570480795102,2.0083553374458756,1.2033265143443617,2.0083552894326275,-0.5130775828799559,2.0083509704987894,-0.5130775828799559,2.0083506827286173,-0.24871225210992465,2.008341604181129,-0.5130775828799559,2.008339666470698,-0.5130775828799559,2.0083392359906282,1.8144134696625867,2.008337849190443,-0.24871225210992465,2.0083261991816963,-0.30471970791885455,2.008321815002733,0.1651483044738388,2.008364566224756,-0.5130775828799559,2.008364590284649,-0.48805079736874574,2.008364590284649,-0.4755374046131407,2.0083646143446807,0.1642751699809237,2.008368706562873,-0.5130775828799559,2.00837639630609,0.1642751699809237,2.008378640804672,-0.5005641901243507,2.008378882220231,-0.5130775828799559,2.008381442080719,-0.36054436808641055,2.008386687431505,2.5498631020877633,2.008388211505234,0.1642751699809237,2.008389518295093,0.1638969651982783,2.008389542498745,1.0761232970818877,2.008396155323099,0.1635397203484985,2.0084048671926933,0.25023937521195316
2.0083584594910766,-0.3253766915458799,2.0083584354664397,-0.5005641901243507,2.0083584354664397,-0.5130775828799559,2.008358411441941,-0.35691044129000465,2.008358411441941,-0.3343988477226711,2.008358411441941,0.07845551946300681,2.0083506827286173,-0.24871225210992465,2.008341604181129,-0.5130775828799559,2.008339666470698,-0.5130775828799559,2.008337849190443,-0.24871225210992465,2.0083309459691745,2.014627753752267,2.008321815002733,0.1651483044738388,2.008320481603667,-0.4533336655343806,2.0083149620708487,-0.24871225210992465,2.008306649032652,2.5508641735082116,2.008364566224756,-0.48805079736874574,2.008364566224756,-0.5130775828799559,2.008364590284649,-0.4755374046131407,2.0083646143446807,0.1642751699809237,2.0083657212557786,-0.5130775828799559,2.008369910918589,-0.5130775828799559,2.00837639630609,0.1642751699809237,2.008378640804672,-0.5005641901243507,2.008378882220231,-0.5130775828799559,2.0083811763620854,0.9885295477926521,2.008381442080719,-0.36054436808641055,2.008386687431505,2.5498631020877633,2.008388211505234,0.1642751699809237,2.0083961310812763,0.1638969651982783,2.008396155323099,0.1635397203484985
