2.0082040749538734,-0.5005641901243507,2.008204051808531,-0.3330134774973053,2.0082021312002527,-0.4132207086902274,2.0082021312002527,-0.48805079736874574,2.0082021080658765,-0.4004570480795102,2.008201946128896,-0.5130775828799559,2.008201830463539,-0.36408475727196843,2.0082011827978214,-0.5130775828799559,2.008200396484094,-0.4713532389104852,2.0082003733595024,-0.140010786786607,2.008199841529885,-0.1741634770139451,2.0081997490448193,0.11569206025460735,2.0081979460029373,-0.09058413674124254,2.0081979460029373,1.305994046707712,2.0081978535606253,-0.06063799867619964,2.008206320672986,-0.48805079736874574,2.008206343831132,-0.4004570480795102,2.008206343831132,-0.48805079736874574,2.0082063901478167,-0.4004570480795102,2.008206436465024,-0.4421662508437466,2.008208474939876,-0.5005641901243507,2.008208498110182,-0.037568658166963316,2.0082086139636766,-0.5130775828799559,2.008208729820441,-0.5130775828799559,2.0082087529921866,0.7068280500784708,2.0082090542367808,0.807161271590227,2.008213389972208,-0.36079856514684794,2.0082142483877985,-0.037568658166963316,2.008214341200232,0.1013300014202529,2.008214364403668,0.4362301612652627
2.008204051808531,-0.3455268702529104,2.0082021774693968,-0.4132207086902274,2.0082019692623585,-0.4004570480795102,2.008201946128896,-0.5130775828799559,2.008201830463539,-0.36408475727196843,2.0082003733595024,-0.140010786786607,2.0082000265062754,-0.5130775828799559,2.008199841529885,-0.1741634770139451,2.0081997490448193,0.11569206025460735,2.0081979460029373,-0.09058413674124254,2.0081979460029373,1.305994046707712,2.0081979460029373,-0.3410972168111755,2.0081978535606253,-0.06063799867619964,2.0081978304503734,-0.4272860249287754,2.0081970447793167,-0.10479696085359362,2.008206135412522,-0.48805079736874574,2.0082061585696227,-0.4421691164106876,2.0082063901478167,-0.4004570480795102,2.0082063901478167,-0.48805079736874574,2.0082084285996555,-0.5005641901243507,2.0082084285996555,-0.5130775828799559,2.0082084517697005,-0.4004570480795102,2.00820866030599,-0.037568658166963316,2.0082087529921866,0.7068280500784708,2.0082090542367808,0.807161271590227,2.008213389972208,-0.36079856514684794,2.008213389972208,0.1013300014202529,2.0082142483877985,-0.037568658166963316,2.008214364403668,0.4362301612652627,2.008214364403668,0.8490589135359699
2.008204051808531,-0.3455268702529104,2.008202015529676,-0.4004570480795102,2.008201992395952,-0.4132207086902274,2.008201946128896,-0.5130775828799559,2.008201830463539,-0.36408475727196843,2.0082003733595024,-0.140010786786607,2.0082000265062754,-0.5130775828799559,2.008199841529885,-0.1741634770139451,2.0081997490448193,0.11569206025460735,2.008198408245772,-0.4932261489115727,2.008197969113841,-0.47992094620257114,2.0081979460029373,-0.09058413674124254,2.0081979460029373,1.305994046707712,2.0081979460029373,-0.3410972168111755,2.0081978535606253,-0.06063799867619964,2.0082060659420042,-0.48805079736874574,2.008206089098713,-0.4421698296740747,2.0082063901478167,-0.4004570480795102,2.0082063901478167,-0.48805079736874574,2.0082084285996555,-0.5005641901243507,2.0082084285996555,-0.5130775828799559,2.00820866030599,-0.037568658166963316,2.0082087529921866,0.7068280500784708,2.0082090542367808,0.807161271590227,2.008213389972208,-0.36079856514684794,2.008213389972208,0.1013300014202529,2.00821427159071,-0.037568658166963316,2.008214364403668,0.4362301612652627,2.008214364403668,0.8490589135359699,2.008222888925963,-0.037568658166963316
2.008204051808531,-0.3455268702529104,2.008202061797515,-0.4004570480795102,2.0082020386635304,-0.4132207086902274,2.008201946128896,-0.5130775828799559,2.008201830463539,-0.36408475727196843,2.008200396484094,-0.48805079736874574,2.0082003733595024,-0.140010786786607,2.0082000265062754,-0.5130775828799559,2.008199841529885,-0.1741634770139451,2.0081997490448193,0.11569206025460735,2.008197969113841,1.297037160387534,2.0081979460029373,-0.09058413674124254,2.0081978535606253,-0.06063799867619964,2.0081978304503734,-0.4272860249287754,2.0081978304503734,-0.5130775828799559,2.0082060427854267,-0.48805079736874574,2.0082060659420042,-0.4004570480795102,2.008206089098713,-0.4421698296740747,2.008206089098713,-0.48805079736874574,2.0082083822599586,-0.5005641901243507,2.0082083822599586,-0.5130775828799559,2.0082084054297415,-0.4004570480795102,2.00820866030599,-0.037568658166963316,2.0082087529921866,0.7068280500784708,2.0082090542367808,0.807161271590227,2.0082130188210305,-0.3608059981021448,2.008213389972208,0.1013300014202529,2.00821427159071,-0.037568658166963316,2.008214364403668,0.4362301612652627,2.008214364403668,0.8490589135359699
2.008199841529885,-0.1741634770139451,2.0081997490448193,0.11569206025460735,2.0081978304503734,-0.5130775828799559,2.0081967906238636,6.521817543103551,2.0081967906238636,-0.4004570480795102,2.0081958203570873,0.5095619964023669,2.0081957279627076,0.04385972999819277,2.0081952891178507,-0.4896887128867051,2.0081936958132696,-0.5114327724825881,2.008187282683672,-0.31507481571875845,2.008185784658691,0.029955285936910832,2.0081855772830526,0.5968455762253692,2.00818525471961,1.9364703914802122,2.0081839416880083,0.1680873125169549,2.0081834810749966,0.0855375366600053,2.0082056491435987,-0.48805079736874574,2.0082056491435987,-0.5130775828799559,2.008205672297955,-0.2798110863754356,2.008205672297955,-0.48805079736874574,2.0082057186070594,-0.4630240118575356,2.0082057417618078,-0.037568658166963316,2.0082087529921866,0.7068280500784708,2.0082090542367808,0.807161271590227,2.0082130188210305,0.1013300014202529,2.0082130188210305,-0.3608059981021448,2.008214364403668,0.4362301612652627,2.008214364403668,0.8490589135359699,2.0082192168002146,-0.037568658166963316,2.0082193097249585,0.8477409404439857,2.008219425883843,2.501261084624993
2.008199841529885,-0.1741634770139451,2.0081997490448193,0.11569206025460735,2.008197969113841,-0.33819841429898306,2.0081978304503734,-0.5130775828799559,2.0081967906238636,6.521817543103551,2.0081967906238636,-0.4004570480795102,2.0081958203570873,0.5095619964023669,2.0081957279627076,0.04385972999819277,2.0081953122137772,-0.4890207730081964,2.0081936958132696,-0.5114327724825881,2.008187282683672,-0.31507481571875845,2.008185784658691,0.029955285936910832,2.00818525471961,1.9364703914802122,2.0081839416880083,0.1680873125169549,2.0081834810749966,0.0855375366600053,2.0082054639134532,-0.48805079736874574,2.008205487066764,-0.4630240118575356,2.008205487066764,-0.48805079736874574,2.008205487066764,-0.5130775828799559,2.0082055102202054,-0.3609563465161034,2.0082055102202054,-0.48805079736874574,2.008205533373778,-0.2753231205234596,2.008205556527481,-0.037568658166963316,2.0082087529921866,0.7068280500784708,2.0082089615437817,-0.037568658166963316,2.0082090542367808,0.807161271590227,2.008212578122573,-0.3608148200440375,2.008212995625196,0.1013300014202529,2.00821427159071,-0.037568658166963316,2.008214364403668,0.4362301612652627
2.008199841529885,-0.1741634770139451,2.0081997490448193,0.11569206025460735,2.008197969113841,-0.33819841429898306,2.008197969113841,1.3351980029350272,2.0081978304503734,-0.5130775828799559,2.0081967906238636,6.521817543103551,2.0081967906238636,-0.4004570480795102,2.008196259258842,-0.5130775828799559,2.0081958203570873,0.5095619964023669,2.0081957279627076,0.04385972999819277,2.00819565866829,-0.4900925075575357,2.008187282683672,-0.31507481571875845,2.008185784658691,0.029955285936910832,2.00818525471961,1.9364703914802122,2.0081845866333428,-0.12923648032939042,2.00820527869167,-0.48805079736874574,2.0082053018439354,-0.34140752392472895,2.008205324996332,-0.4630240118575356,2.008205324996332,-0.48805079736874574,2.008205324996332,-0.5005641901243507,2.008205324996332,-0.5130775828799559,2.008205348148859,-0.037568658166963316,2.0082054176072233,-0.36095819849823124,2.008205487066764,-0.48805079736874574,2.0082055796813143,-0.44217507278563933,2.0082087529921866,0.7068280500784708,2.0082089615437817,-0.037568658166963316,2.0082090542367808,0.807161271590227,2.008212578122573,-0.3608148200440375,2.008212995625196,0.1013300014202529
2.008199841529885,-0.19919026252515526,2.0081997490448193,0.11569206025460735,2.008197969113841,1.3351980029350272,2.008197969113841,-0.3121527758362188,2.0081978304503734,-0.5130775828799559,2.0081967906238636,6.521817543103551,2.0081967906238636,-0.4004570480795102,2.008196259258842,-0.5130775828799559,2.0081958896542393,-0.5119368870231404,2.0081958203570873,0.5095619964023669,2.0081957279627076,0.04385972999819277,2.008195704864438,-0.4909098448321536,2.008187282683672,-0.31507481571875845,2.008185784658691,0.029955285936910832,2.00818525471961,1.9364703914802122,2.0082049082731883,-0.48805079736874574,2.008204931423364,-0.3609679339177951,2.008204977724106,-0.36848990949068783,2.008204977724106,-0.5005641901243507,2.0082050008746735,-0.037568658166963316,2.0082050240253713,-0.4004570480795102,2.0082050471761996,-0.5130775828799559,2.008205070327159,-0.4630240118575356,2.00820527869167,-0.4421781761070427,2.008205487066764,-0.48805079736874574,2.00820866030599,-0.037568658166963316,2.0082087529921866,0.7068280500784708,2.0082090542367808,0.807161271590227,2.0082125549292273,0.1013300014202529,2.008212578122573,-0.3608148200440375
2.008199841529885,-0.19919026252515526,2.0081997490448193,0.11569206025460735,2.0081987780775727,-0.48802652138679986,2.008197969113841,1.3351980029350272,2.008197969113841,-0.3121527758362188,2.0081978304503734,-0.5130775828799559,2.0081967906238636,6.521817543103551,2.0081967906238636,-0.4004570480795102,2.008196259258842,-0.5130775828799559,2.0081958896542393,-0.5119368870231404,2.0081958203570873,0.5095619964023669,2.0081957279627076,0.04385972999819277,2.008192449311333,-0.02822868684096523,2.008187282683672,-0.31507481571875845,2.008185784658691,0.029955285936910832,2.0082045841844507,-0.48805079736874574,2.008204607332797,-0.28521316808160135,2.008204607332797,-0.48805079736874574,2.0082046304812744,-0.36097395285971057,2.008204653629882,-0.4630240118575356,2.008204653629882,-0.5130775828799559,2.0082046767786204,-0.037568658166963316,2.008204723076489,-0.5005641901243507,2.0082048388234464,-0.48805079736874574,2.0082050240253713,-0.4004570480795102,2.00820527869167,-0.4421781761070427,2.00820866030599,-0.037568658166963316,2.0082087529921866,0.7068280500784708,2.0082090542367808,0.807161271590227,2.0082125549292273,0.1013300014202529
2.008199841529885,-0.19919026252515526,2.0081997490448193,0.11569206025460735,2.0081987780775727,-0.35547749514538196,2.008198616272054,-0.49122743474029085,2.008197969113841,1.3351980029350272,2.0081978304503734,-0.5130775828799559,2.0081967906238636,6.521817543103551,2.0081967906238636,-0.4004570480795102,2.008196259258842,-0.5130775828799559,2.0081958896542393,-0.5119368870231404,2.0081958203570873,0.5095619964023669,2.0081957279627076,0.04385972999819277,2.008187282683672,-0.31507481571875845,2.008185784658691,0.029955285936910832,2.0081855772830526,3.4032195896231685,2.0082024319590217,-0.3610179749754248,2.0082024550952253,-0.48805079736874574,2.008202478231559,-0.4004570480795102,2.008202501368024,-0.4630240118575356,2.008202501368024,-0.48805079736874574,2.0082025707782005,-0.2070010722296329,2.008204491592371,-0.5005641901243507,2.008204491592371,-0.5130775828799559,2.008204514740195,-0.037568658166963316,2.008204746225619,0.8472828501619888,2.0082048388234464,-0.48805079736874574,2.0082050240253713,-0.4004570480795102,2.00820527869167,-0.4421781761070427,2.00820866030599,-0.037568658166963316,2.0082087529921866,0.7068280500784708
2.008199841529885,-0.19919026252515526,2.008199841529885,-0.4257331504279831,2.0081997490448193,0.11569206025460735,2.0081987780775727,-0.35547749514538196,2.0081978304503734,-0.5130775828799559,2.0081967906238636,6.521817543103551,2.0081967906238636,-0.4004570480795102,2.008196259258842,-0.5130775828799559,2.0081958896542393,-0.5119368870231404,2.0081958203570873,0.5095619964023669,2.0081957279627076,0.04385972999819277,2.0081873748877332,0.0031302758331492753,2.008187282683672,-0.31507481571875845,2.008185784658691,0.029955285936910832,2.0081856233656197,3.099859010763308,2.008202339415513,-0.36101982695755264,2.008202339415513,-0.48805079736874574,2.008202362551194,-0.48805079736874574,2.008202385687006,-0.2753231205234596,2.0082024088229486,-0.4630240118575356,2.0082024088229486,-0.4004570480795102,2.008202478231559,-0.037568658166963316,2.0082025707782005,-0.2070010722296329,2.008204468444678,-0.5005641901243507,2.008204468444678,-0.5130775828799559,2.008204468444678,-0.4132207086902274,2.008204491592371,0.8470935225295962,2.0082045378881497,-0.4421858092766236,2.0082048388234464,-0.48805079736874574,2.00820866030599,-0.037568658166963316
2.008199841529885,-0.2492438335475755,2.008199841529885,-0.4257331504279831,2.0081997490448193,0.11569206025460735,2.0081987780775727,-0.35547749514538196,2.008197992224875,1.2410388393553156,2.0081978304503734,-0.5130775828799559,2.0081967906238636,6.521817543103551,2.0081967906238636,-0.4004570480795102,2.008196259258842,-0.5130775828799559,2.0081958896542393,-0.5119368870231404,2.0081958203570873,0.5095619964023669,2.0081957279627076,0.04385972999819277,2.008187282683672,-0.31507481571875845,2.008185784658691,0.029955285936910832,2.0081856233656197,3.099859010763308,2.008202223739063,-0.48805079736874574,2.008202246874092,-0.36102167893968046,2.008202246874092,-0.48805079736874574,2.0082022700092517,-0.4630240118575356,2.0082022931445414,-0.2753231205234596,2.0082024088229486,-0.4004570480795102,2.008202478231559,-0.037568658166963316,2.0082025707782005,-0.2070010722296329,2.008204468444678,-0.5005641901243507,2.008204468444678,-0.5130775828799559,2.008204468444678,-0.4132207086902274,2.008204491592371,0.8470935225295962,2.0082045378881497,-0.4421858092766236,2.008208359090306,-0.4683618748320795,2.00820866030599,-0.037568658166963316
2.008199841529885,-0.2492438335475755,2.008199841529885,-0.4257331504279831,2.008199841529885,-0.32776763801308606,2.0081997490448193,0.11569206025460735,2.008198893656853,-0.4878792387540664,2.008197992224875,1.2410388393553156,2.0081978304503734,-0.5130775828799559,2.0081967906238636,6.521817543103551,2.0081967906238636,-0.4004570480795102,2.008196259258842,-0.5130775828799559,2.0081958896542393,-0.5119368870231404,2.0081958203570873,0.5095619964023669,2.0081957279627076,0.04385972999819277,2.0081873748877332,-0.0020130163974377766,2.008187282683672,-0.31507481571875845,2.0082021312002527,-0.48805079736874574,2.0082021543347595,-0.36102354343520093,2.0082021543347595,-0.48805079736874574,2.0082024088229486,-0.4004570480795102,2.0082025707782005,-0.2070010722296329,2.008204468444678,-0.5005641901243507,2.008204468444678,-0.5130775828799559,2.008204514740195,-0.4132207086902274,2.008208359090306,-0.4683618748320795,2.00820866030599,-0.037568658166963316,2.0082087529921866,0.7068280500784708,2.0082094945571165,-0.3608765611238936,2.0082204017481073,-0.037568658166963316,2.0082204946996467,0.8470780684895431,2.008220610892027,0.1013300014202529
2.0081999802613955,-0.49310312974739223,2.008199841529885,-0.3618643683480211,2.008199841529885,-0.4257331504279831,2.008199841529885,-0.32776763801308606,2.0081997490448193,0.11569206025460735,2.008197992224875,1.2410388393553156,2.0081978304503734,-0.5130775828799559,2.0081967906238636,6.521817543103551,2.0081967906238636,-0.4004570480795102,2.008196259258842,-0.5130775828799559,2.0081958896542393,-0.5119368870231404,2.0081958203570873,0.5095619964023669,2.0081957279627076,0.04385972999819277,2.008187282683672,-0.31507481571875845,2.0081866603605736,-0.04150915057248887,2.0082021312002527,-0.48805079736874574,2.0082021543347595,-0.36102354343520093,2.0082021543347595,-0.48805079736874574,2.008202385687006,-0.3849305930224613,2.0082024088229486,-0.4004570480795102,2.008202478231559,-0.037568658166963316,2.0082025707782005,-0.2070010722296329,2.008204422149683,-0.5130775828799559,2.0082045378881497,-0.4421858092766236,2.008208359090306,-0.4683618748320795,2.00820866030599,-0.037568658166963316,2.0082087529921866,0.7068280500784708,2.0082094945571165,-0.3608765611238936,2.0082094945571165,0.1013300014202529,2.0082204017481073,-0.037568658166963316
2.0081998877732,-0.33690907184962376,2.008199841529885,-0.3618643683480211,2.008199841529885,-0.4257331504279831,2.0081997490448193,0.11569206025460735,2.008197992224875,1.2410388393553156,2.0081978304503734,-0.5130775828799559,2.0081967906238636,6.521817543103551,2.0081967906238636,-0.4004570480795102,2.008196259258842,-0.5130775828799559,2.0081958896542393,-0.5119368870231404,2.0081958203570873,0.5095619964023669,2.0081957279627076,0.04385972999819277,2.0081873748877332,3.0572942423095855,2.008187282683672,-0.31507481571875845,2.0081866603605736,-0.04150915057248887,2.0082021312002527,-0.4004570480795102,2.0082021543347595,-0.36102354343520093,2.0082021543347595,-0.48805079736874574,2.0082025707782005,-0.2070010722296329,2.008204260121315,-0.037568658166963316,2.00820435270817,-0.4132207086902274,2.008204514740195,-0.5130775828799559,2.0082045378881497,-0.4421858092766236,2.008208359090306,-0.4683618748320795,2.00820866030599,-0.037568658166963316,2.0082087529921866,0.7068280500784708,2.0082094945571165,-0.3608765611238936,2.0082094945571165,0.1013300014202529,2.0082204017481073,-0.037568658166963316,2.0082204946996467,0.8470780684895431
2.0082009052581116,-0.48940480903186595,2.0081998877732,-0.4495296066500693,2.008199841529885,-0.3618643683480211,2.008199841529885,-0.4257331504279831,2.0081997490448193,0.11569206025460735,2.008197992224875,1.2410388393553156,2.0081978304503734,-0.5130775828799559,2.0081967906238636,6.521817543103551,2.0081967906238636,-0.4004570480795102,2.008196259258842,-0.5130775828799559,2.0081958896542393,-0.5119368870231404,2.0081958203570873,0.5095619964023669,2.0081957279627076,0.04385972999819277,2.00819078789859,-0.10547384780792256,2.0081873748877332,3.0572942423095855,2.0082021312002527,-0.4004570480795102,2.0082021543347595,-0.36102354343520093,2.0082021543347595,-0.48805079736874574,2.0082024550952253,-0.48805079736874574,2.0082025707782005,-0.2070010722296329,2.0082042369749273,-0.5005641901243507,2.0082042369749273,-0.5130775828799559,2.008204399002381,-0.037568658166963316,2.0082045378881497,-0.4421858092766236,2.008208359090306,-0.4683618748320795,2.0082087529921866,0.7068280500784708,2.0082094945571165,-0.3608765611238936,2.0082094945571165,0.1013300014202529,2.0082202855616393,-0.037568658166963316,2.008220378510551,0.8470742143645744
2.0081998877732,-0.4495296066500693,2.008199841529885,-0.3618643683480211,2.008199841529885,-0.4257331504279831,2.0081997490448193,0.11569206025460735,2.0081978304503734,-0.5130775828799559,2.0081967906238636,6.521817543103551,2.0081967906238636,-0.4004570480795102,2.008196259258842,-0.5130775828799559,2.0081958896542393,-0.5119368870231404,2.0081958203570873,0.5095619964023669,2.0081957279627076,0.04385972999819277,2.008187397939073,2.8613590630333965,2.008187282683672,-0.31507481571875845,2.0081866603605736,-0.04150915057248887,2.008185784658691,0.029955285936910832,2.0082018535963493,-0.48805079736874574,2.00820187672929,-0.4422132136067584,2.0082021312002527,-0.4004570480795102,2.008202478231559,-0.037568658166963316,2.0082025707782005,-0.2070010722296329,2.0082041906825445,-0.5130775828799559,2.0082041906825445,-0.5005641901243507,2.008204213828671,-0.4132207086902274,2.008208359090306,-0.4683618748320795,2.0082087529921866,0.7068280500784708,2.0082094945571165,-0.3608765611238936,2.0082094945571165,0.1013300014202529,2.0082202855616393,-0.037568658166963316,2.008220378510551,0.8470742143645744,2.008220634130897,0.4349874812574891
2.0081998877732,-0.4495296066500693,2.008199841529885,-0.3618643683480211,2.008199841529885,-0.4257331504279831,2.008199841529885,1.2404743852348958,2.0081997490448193,0.11569206025460735,2.0081978304503734,-0.5130775828799559,2.0081967906238636,6.521817543103551,2.0081967906238636,-0.4004570480795102,2.008196259258842,-0.5130775828799559,2.0081958896542393,-0.5119368870231404,2.0081958203570873,0.5095619964023669,2.0081957279627076,0.04385972999819277,2.008187420990543,0.4254709834998877,2.008187282683672,-0.31507481571875845,2.0081866603605736,-0.04150915057248887,2.0082018535963493,-0.48805079736874574,2.00820187672929,-0.4422132136067584,2.008202478231559,-0.037568658166963316,2.0082025707782005,-0.2070010722296329,2.0082041906825445,-0.5130775828799559,2.0082041906825445,-0.5005641901243507,2.008204213828671,-0.4132207086902274,2.008208359090306,-0.4683618748320795,2.00820866030599,-0.037568658166963316,2.0082087529921866,0.7068280500784708,2.0082094945571165,-0.3608765611238936,2.0082094945571165,0.1013300014202529,2.00822026232474,0.8470645540253672,2.008220378510551,0.8470742143645744,2.008220634130897,0.4349874812574891
2.008199841529885,-0.48660546296529505,2.008199841529885,1.2404743852348958,2.0081997490448193,0.11569206025460735,2.0081978304503734,-0.5130775828799559,2.0081967906238636,6.521817543103551,2.0081967906238636,-0.4004570480795102,2.008196259258842,-0.5130775828799559,2.0081958896542393,-0.5119368870231404,2.0081958203570873,0.5095619964023669,2.0081957279627076,0.04385972999819277,2.008193672726453,0.01739926005218741,2.0081873748877332,2.912387114516659,2.008187282683672,-0.31507481571875845,2.008185784658691,0.029955285936910832,2.00818525471961,1.9364703914802122,2.0082018535963493,-0.48805079736874574,2.00820187672929,-0.4422132136067584,2.00820187672929,-0.4004570480795102,2.0082025707782005,-0.2070010722296329,2.00820412124495,-0.4132207086902274,2.0082041443906844,-0.5130775828799559,2.0082060427854267,-0.5130775828799559,2.0082082664130043,-0.037568658166963316,2.008208359090306,-0.4683618748320795,2.008208729820441,0.1013300014202529,2.0082087529921866,0.7068280500784708,2.0082094945571165,-0.3608765611238936,2.008220169378456,-0.037568658166963316,2.00822026232474,0.8470645540253672,2.008220634130897,0.4349874812574891
2.0082037509309623,-0.5130775828799559,2.008203727787448,-0.3089668159870707,2.008200442733669,-0.5130775828799559,2.008200419608816,-0.5130775828799559,2.008200396484094,1.1438201512468589,2.0082000265062754,-0.4132207086902274,2.00820000338377,-0.037568658166963316,2.008199841529885,-0.48660546296529505,2.0081997490448193,0.11569206025460735,2.0081982926801762,-0.4916740502411312,2.0081978535606253,-0.5130775828799559,2.0081978304503734,-0.5130775828799559,2.0081967906238636,6.521817543103551,2.0081967906238636,-0.4004570480795102,2.008196259258842,-0.5130775828799559,2.0082059964726633,-0.48805079736874574,2.0082082895821336,-0.2753231205234596,2.008208312751394,-0.5130775828799559,2.0082083359207843,-0.5005641901243507,2.008208359090306,-0.5046132236986385,2.00820866030599,-0.037568658166963316,2.00820866030599,0.1013300014202529,2.0082087529921866,0.7068280500784708,2.0082094945571165,-0.5005641901243507,2.008220169378456,-0.037568658166963316,2.00822026232474,0.8470645540253672,2.00822026232474,-0.3606609678801073,2.008220634130897,0.4349874812574891,2.008232013701151,-0.037568658166963316,2.008232106915479,0.847543754400943
2.0082038203622883,-0.5005641901243507,2.0082038203622883,-0.46549359248481803,2.0082038203622883,-0.48805079736874574,2.0082037972183824,-0.17338896056933692,2.0082004889837655,-0.5130775828799559,2.008200465858652,-0.4132207086902274,2.008200442733669,-0.037568658166963316,2.008200419608816,-0.5130775828799559,2.008200396484094,1.1438201512468589,2.008199841529885,-0.48660546296529505,2.0081997490448193,0.11569206025460735,2.0081981077820004,-0.4878267575848494,2.0081978535606253,-0.5130775828799559,2.0081978304503734,-0.5130775828799559,2.0081967906238636,6.521817543103551,2.0082059964726633,-0.48805079736874574,2.0082081737377955,-0.5130775828799559,2.0082081969064016,-0.4505106191019305,2.0082081969064016,-0.48805079736874574,2.0082082200751383,-0.33046929202241393,2.008208359090306,-0.5046132236986385,2.00820866030599,0.1013300014202529,2.0082087529921866,0.7068280500784708,2.0082094945571165,-0.5005641901243507,2.008220169378456,-0.037568658166963316,2.00822026232474,0.8470645540253672,2.00822026232474,-0.3606609678801073,2.008220634130897,0.4349874812574891,2.0082319903978982,0.8477119343995784,2.008232013701151,-0.037568658166963316
2.008203959228467,-0.5005641901243507,2.008203936083777,-0.4657273176347072,2.0082039129392184,-0.13946988287135326,2.008203866650492,-0.18653122639126768,2.0082037509309623,-0.3295113167266159,2.0082005352343835,-0.5130775828799559,2.0082005121090094,-0.4132207086902274,2.0082005121090094,-0.5130775828799559,2.0082004889837655,-0.037568658166963316,2.008200396484094,1.1438201512468589,2.008199841529885,-0.48660546296529505,2.0081997490448193,0.11569206025460735,2.0081978535606253,-0.5130775828799559,2.0081978304503734,-0.5130775828799559,2.0081967906238636,6.521817543103551,2.008208127400976,-0.4505106191019305,2.008208127400976,-0.48805079736874574,2.008208127400976,-0.5130775828799559,2.008208359090306,-0.5046132236986385,2.008208359090306,-0.48805079736874574,2.00820866030599,0.1013300014202529,2.0082087529921866,0.7068280500784708,2.0082106535205857,-0.5005641901243507,2.008220169378456,-0.037568658166963316,2.00822026232474,0.8470645540253672,2.00822026232474,-0.3606609678801073,2.008220634130897,0.4349874812574891,2.0082319903978982,0.8477119343995784,2.008232106915479,0.847543754400943,2.0082322467409304,-0.5130775828799559
2.0082040749538734,-0.5005641901243507,2.008204051808531,-0.48805079736874574,2.008204051808531,-0.5130775828799559,2.0082039823732867,-0.35274980076572976,2.008200558359888,-0.4132207086902274,2.008200396484094,1.1438201512468589,2.008199841529885,-0.48660546296529505,2.0081997490448193,0.11569206025460735,2.0081978535606253,-0.5130775828799559,2.0081978304503734,-0.5130775828799559,2.0081967906238636,6.521817543103551,2.0081967906238636,-0.4004570480795102,2.008196259258842,-0.5130775828799559,2.0081958896542393,-0.5119368870231404,2.0081958203570873,0.5095619964023669,2.008208034728906,-0.4505106191019305,2.008208034728906,-0.5130775828799559,2.0082080578967276,-0.36675936983955143,2.0082080578967276,-0.48805079736874574,2.008208127400976,-0.48805079736874574,2.008208359090306,-0.5046132236986385,2.008208729820441,-0.5005641901243507,2.0082087529921866,0.7068280500784708,2.0082094945571165,0.1013300014202529,2.0082106535205857,-0.5005641901243507,2.008220169378456,-0.037568658166963316,2.00822026232474,0.8470645540253672,2.00822026232474,-0.3606609678801073,2.008220634130897,0.4349874812574891,2.0082318971862083,-0.037568658166963316
2.0082042832678324,-0.037568658166963316,2.0082042369749273,-0.1498830903538213,2.0082041906825445,-0.5130775828799559,2.0082041443906844,-0.31059771149169424,2.008200558359888,-0.4132207086902274,2.008200396484094,1.1438201512468589,2.008199841529885,-0.48660546296529505,2.0081997490448193,0.11569206025460735,2.0081978535606253,-0.5130775828799559,2.0081978304503734,-0.5130775828799559,2.0081967906238636,6.521817543103551,2.0081967906238636,-0.4004570480795102,2.008196259258842,-0.5130775828799559,2.0081958896542393,-0.5119368870231404,2.0081958203570873,0.5095619964023669,2.008207965226227,-0.4004570480795102,2.008207988393656,-0.4505106191019305,2.0082080115612158,-0.5130775828799559,2.0082080115612158,-0.48805079736874574,2.008208127400976,-0.48805079736874574,2.008208359090306,-0.5046132236986385,2.008208729820441,-0.5005641901243507,2.0082087529921866,0.7068280500784708,2.0082094945571165,0.1013300014202529,2.0082106535205857,-0.5005641901243507,2.008220169378456,-0.037568658166963316,2.00822026232474,0.8470645540253672,2.00822026232474,-0.3606609678801073,2.008220634130897,0.4349874812574891,2.0082318971862083,-0.037568658166963316
2.008204306414481,-0.19215678477865578,2.0082042832678324,-0.5005641901243507,2.008204260121315,-0.3507361956570688,2.0082041906825445,-0.5130775828799559,2.008203727787448,1.3148677815330292,2.0081998646514774,-0.4132207086902274,2.008199841529885,-0.48660546296529505,2.0081997490448193,0.11569206025460735,2.0081978535606253,-0.5130775828799559,2.0081978304503734,-0.5130775828799559,2.0081967906238636,6.521817543103551,2.0081967906238636,-0.4004570480795102,2.008196259258842,-0.5130775828799559,2.0081958896542393,-0.5119368870231404,2.0081958203570873,0.5095619964023669,2.0082079188917614,-0.4004570480795102,2.0082080810646796,-0.4505106191019305,2.0082080810646796,-0.48805079736874574,2.0082083359207843,-0.5130775828799559,2.008208359090306,-0.5046132236986385,2.008208729820441,-0.5005641901243507,2.0082087529921866,0.7068280500784708,2.0082094945571165,0.1013300014202529,2.0082106535205857,-0.5005641901243507,2.008220169378456,-0.037568658166963316,2.00822026232474,0.8470645540253672,2.00822026232474,-0.3606609678801073,2.008220634130897,0.4349874812574891,2.0082318971862083,-0.037568658166963316,2.0082319903978982,0.8477119343995784
2.00820432956126,-0.5005641901243507,2.008204306414481,-0.19215678477865578,2.008203727787448,1.3148677815330292,2.0081998646514774,-0.4132207086902274,2.008199841529885,-0.48660546296529505,2.0081997490448193,0.11569206025460735,2.008197992224875,-0.4890841783692891,2.0081978766710082,-0.4197198145124916,2.0081978535606253,-0.5130775828799559,2.0081978304503734,-0.5130775828799559,2.0081967906238636,6.521817543103551,2.0081967906238636,-0.4004570480795102,2.0081966520002594,-0.4880752360247974,2.008196259258842,-0.5130775828799559,2.0081958896542393,-0.5119368870231404,2.0082078262244,-0.3789428344817622,2.0082078493910442,-0.4505106191019305,2.008208312751394,-0.5130775828799559,2.008208359090306,-0.5046132236986385,2.008208729820441,-0.5005641901243507,2.0082087529921866,0.7068280500784708,2.0082094945571165,0.1013300014202529,2.0082106535205857,-0.5005641901243507,2.008220169378456,-0.037568658166963316,2.00822026232474,0.8470645540253672,2.00822026232474,-0.3606609678801073,2.008220634130897,0.4349874812574891,2.0082318971862083,-0.037568658166963316,2.0082319903978982,0.8477119343995784,2.0082322467409304,-0.5130775828799559
2.00820432956126,-0.5005641901243507,2.008204306414481,-0.19215678477865578,2.0082037509309623,-0.5130775828799559,2.008203727787448,1.3148677815330292,2.0081998646514774,-0.4132207086902274,2.008199841529885,-0.48660546296529505,2.0081997490448193,0.11569206025460735,2.008197992224875,-0.4890841783692891,2.0081978766710082,-0.41452170110824216,2.0081978535606253,-0.5130775828799559,2.0081978304503734,-0.5130775828799559,2.0081967906238636,6.521817543103551,2.0081967906238636,-0.4004570480795102,2.0081966520002594,-0.4880752360247974,2.008196259258842,-0.5130775828799559,2.0082082895821336,-0.3107622250662522,2.008208359090306,-0.5046132236986385,2.0082087066488263,-0.4505106191019305,2.0082087066488263,-0.5130775828799559,2.0082087529921866,0.7068280500784708,2.0082106535205857,-0.5005641901243507,2.0082106535205857,0.1013300014202529,2.008220169378456,-0.037568658166963316,2.00822026232474,0.8470645540253672,2.00822026232474,-0.3606609678801073,2.008220634130897,0.4349874812574891,2.0082318738836156,0.8479207829246694,2.0082319903978982,0.8477119343995784,2.0082322467409304,-0.5130775828799559,2.0082338317614115,-0.4630240118575356
2.00820432956126,-0.5005641901243507,2.008204306414481,-0.19215678477865578,2.0082037509309623,-0.5130775828799559,2.008200072751677,0.01458862690535099,2.0081998646514774,-0.4132207086902274,2.008199841529885,-0.48660546296529505,2.0081997490448193,0.11569206025460735,2.0081982464548505,-0.492672030853569,2.0081978766710082,-0.41452170110824216,2.0081978535606253,-0.5130775828799559,2.0081978304503734,-0.5130775828799559,2.0081967906238636,6.521817543103551,2.0081967906238636,-0.4004570480795102,2.008196259258842,-0.5130775828799559,2.0081958896542393,-0.5119368870231404,2.008208243244006,-0.4505106191019305,2.0082082664130043,-0.5130775828799559,2.008208359090306,-0.5046132236986385,2.008208729820441,-0.5005641901243507,2.0082087529921866,0.7068280500784708,2.0082106535205857,-0.5005641901243507,2.0082106535205857,0.1013300014202529,2.008220169378456,-0.037568658166963316,2.00822026232474,0.8470645540253672,2.00822026232474,-0.3606609678801073,2.008220634130897,0.4349874812574891,2.0082317806745644,-0.037568658166963316,2.0082318738836156,0.8479207829246694,2.0082319903978982,0.8477119343995784,2.0082322467409304,-0.5130775828799559
2.00820432956126,-0.5005641901243507,2.00820432956126,-0.5130775828799559,2.008204306414481,-0.19215678477865578,2.0082037509309623,1.3364073097243216,2.0082000958745736,-0.037568658166963316,2.008200072751677,0.01458862690535099,2.0081998646514774,-0.4132207086902274,2.008199841529885,-0.48660546296529505,2.0081997490448193,0.11569206025460735,2.0081978535606253,-0.5130775828799559,2.0081978304503734,-0.5130775828799559,2.0081967906238636,6.521817543103551,2.0081967906238636,-0.4004570480795102,2.008196259258842,-0.5130775828799559,2.0081958896542393,-0.5119368870231404,2.0082081505693203,-0.4505106191019305,2.0082081505693203,-0.48805079736874574,2.0082081505693203,-0.5130775828799559,2.0082081737377955,-0.2753231205234596,2.008208359090306,-0.5046132236986385,2.008208729820441,-0.5005641901243507,2.0082087529921866,0.7068280500784708,2.0082106535205857,-0.5005641901243507,2.0082106535205857,0.1013300014202529,2.008220169378456,-0.037568658166963316,2.00822026232474,0.8470645540253672,2.00822026232474,-0.3606609678801073,2.008220634130897,0.4349874812574891,2.0082317806745644,-0.037568658166963316,2.0082318738836156,0.8479207829246694
2.00820432956126,-0.5130775828799559,2.008203774074607,-0.5130775828799559,2.008203774074607,-0.48805079736874574,2.0082037509309623,1.3364073097243216,2.0082006508632118,-0.05861159236674972,2.008199841529885,-0.48660546296529505,2.0081997490448193,0.11569206025460735,2.0081978535606253,-0.5130775828799559,2.0081978304503734,-0.5130775828799559,2.0081967906238636,6.521817543103551,2.0081967906238636,-0.4004570480795102,2.008196259258842,-0.5130775828799559,2.0081958896542393,-0.5119368870231404,2.0081958203570873,0.5095619964023669,2.0081957279627076,0.04385972999819277,2.008208312751394,-0.2753231205234596,2.008208359090306,-0.5046132236986385,2.0082087066488263,-0.4505106191019305,2.0082087066488263,-0.5130775828799559,2.0082087529921866,0.7068280500784708,2.0082106535205857,-0.5005641901243507,2.0082106535205857,0.1013300014202529,2.008220169378456,-0.037568658166963316,2.00822026232474,0.8470645540253672,2.00822026232474,-0.3606609678801073,2.008220634130897,0.4349874812574891,2.0082317806745644,-0.037568658166963316,2.0082318738836156,0.8479207829246694,2.0082322467409304,-0.5130775828799559,2.0082340182745373,-0.5130775828799559
2.008204445297115,-0.5130775828799559,2.008204422149683,-0.037568658166963316,2.008203774074607,-0.20434599306814136,2.0082037509309623,1.3364073097243216,2.0082010671539927,-0.4248901356714307,2.0082006739893683,-0.4132207086902274,2.0082006508632118,-0.05861159236674972,2.008199841529885,-0.48660546296529505,2.0081997490448193,0.11569206025460735,2.0081978535606253,-0.5130775828799559,2.0081978304503734,-0.5130775828799559,2.0081967906238636,6.521817543103551,2.0081967906238636,-0.4004570480795102,2.008196259258842,-0.5130775828799559,2.0081958896542393,-0.5119368870231404,2.008208312751394,-0.39595583054460604,2.008208359090306,-0.5046132236986385,2.0082087066488263,-0.4505106191019305,2.0082087066488263,-0.5130775828799559,2.008208729820441,-0.5005641901243507,2.0082087529921866,0.7068280500784708,2.0082106535205857,-0.5005641901243507,2.0082106535205857,0.1013300014202529,2.008219960257001,0.7257482999249457,2.00822026232474,-0.3606609678801073,2.008220634130897,0.4349874812574891,2.0082317806745644,-0.037568658166963316,2.0082318738836156,0.8479207829246694,2.0082322467409304,-0.5130775828799559,2.0082340182745373,-0.5130775828799559
2.0082045378881497,-0.037568658166963316,2.0082037972183824,-0.5130775828799559,2.008203774074607,-0.18751302718687246,2.0082037509309623,1.3364073097243216,2.0082010902824976,-0.2981263011687842,2.008200835876119,-0.41729092743845037,2.0082006508632118,-0.05861159236674972,2.008199841529885,-0.48660546296529505,2.0081997490448193,0.11569206025460735,2.0081978535606253,-0.5130775828799559,2.0081978304503734,-0.5130775828799559,2.0081967906238636,6.521817543103551,2.0081967906238636,-0.4004570480795102,2.008196259258842,-0.5130775828799559,2.0081958896542393,-0.5119368870231404,2.008208359090306,-0.5046132236986385,2.0082087529921866,0.7068280500784708,2.0082106303381098,-0.5130775828799559,2.0082106535205857,0.1013300014202529,2.0082118128113318,-0.5005641901243507,2.0082198673175475,-0.037568658166963316,2.008219960257001,0.7257482999249457,2.00822026232474,-0.3606609678801073,2.0082317806745644,-0.037568658166963316,2.0082318738836156,0.8479207829246694,2.0082322467409304,-0.5130775828799559,2.008233994959934,-0.4630240118575356,2.0082340182745373,-0.5130775828799559,2.008235370747442,0.1013300014202529,2.008236163782971,-0.4630240118575356
2.008203936083777,-0.48805079736874574,2.0082039129392184,-0.48805079736874574,2.0082039129392184,-0.5130775828799559,2.00820388979479,-0.037568658166963316,2.008203774074607,-0.18751302718687246,2.008200835876119,-0.41729092743845037,2.0082006508632118,-0.05861159236674972,2.008199841529885,-0.48660546296529505,2.0081997490448193,0.11569206025460735,2.0081978535606253,-0.5130775828799559,2.0081978304503734,-0.5130775828799559,2.0081967906238636,6.521817543103551,2.0081967906238636,-0.4004570480795102,2.008196259258842,-0.5130775828799559,2.0081958896542393,-0.5119368870231404,2.008208729820441,-0.48805079736874574,2.0082087529921866,0.6934794008698217,2.0082106535205857,0.1013300014202529,2.0082118128113318,-0.5005641901243507,2.0082198673175475,-0.037568658166963316,2.008219960257001,0.7257482999249457,2.00822026232474,-0.3606609678801073,2.0082294511340963,0.4356124751720604,2.008231757372631,0.8481761187038476,2.0082317806745644,-0.037568658166963316,2.0082318738836156,0.8479207829246694,2.0082322467409304,-0.5130775828799559,2.008233994959934,-0.4630240118575356,2.0082340182745373,-0.5130775828799559,2.008235370747442,0.1013300014202529
2.0082116041148383,-0.49138607953364644,2.008210097177285,-0.4630240118575356,2.008210097177285,-0.48805079736874574,2.0082100508187466,-0.20182951224481097,2.008206945988813,-0.5130775828799559,2.008206922827268,-0.48202509822121165,2.008203866650492,-0.1947006449053355,2.0082037972183824,-0.037568658166963316,2.0082037972183824,-0.5130775828799559,2.008203774074607,-0.18751302718687246,2.0082036583576883,-0.4246395800082852,2.0082006739893683,-0.4132207086902274,2.0082006508632118,-0.05861159236674972,2.008199841529885,-0.48660546296529505,2.0081997490448193,0.11569206025460735,2.0082117896223086,0.1013300014202529,2.008212044708766,-0.48805079736874574,2.0082197976143368,-0.2753231205234596,2.008219820848609,-0.5005641901243507,2.008219960257001,0.7257482999249457,2.008220982729717,-0.5005641901243507,2.008229357979902,-0.037568658166963316,2.0082294511340963,0.4356124751720604,2.008231757372631,0.8481761187038476,2.008231757372631,-0.36043080904715347,2.0082317806745644,-0.037568658166963316,2.0082322467409304,-0.5130775828799559,2.0082340182745373,-0.5130775828799559,2.008235370747442,0.1013300014202529,2.008236163782971,-0.4630240118575356
2.008210213075922,-0.4903046971584925,2.008210189895933,-0.4630240118575356,2.008210189895933,-0.48805079736874574,2.0082101667160743,-0.037568658166963316,2.0082100508187466,-0.20182951224481097,2.008206945988813,-0.5130775828799559,2.008206922827268,-0.40387035124824217,2.00820388979479,-0.5130775828799559,2.0082036583576883,-0.4246395800082852,2.0082006739893683,-0.4132207086902274,2.0082006508632118,-0.05861159236674972,2.008199841529885,-0.48660546296529505,2.0081997490448193,0.11569206025460735,2.0081978535606253,-0.5130775828799559,2.0081978304503734,-0.5130775828799559,2.0082117896223086,0.0660437229431845,2.0082199370219405,-0.36480002280187884,2.008219960257001,0.7257482999249457,2.008222144939338,-0.5005641901243507,2.008229357979902,-0.037568658166963316,2.0082294511340963,0.4356124751720604,2.008231757372631,0.8481761187038476,2.0082322467409304,-0.5130775828799559,2.0082322467409304,-0.36042101106062585,2.008233994959934,-0.4630240118575356,2.0082340182745373,-0.5130775828799559,2.0082352774591845,-0.037568658166963316,2.008235370747442,0.1013300014202529,2.008236163782971,-0.4630240118575356,2.008236537029012,-0.5130775828799559
2.0082106303381098,-0.037568658166963316,2.008210560791466,-0.4630240118575356,2.008210537609514,-0.059662692331435056,2.008210213075922,-0.4903046971584925,2.0082100508187466,-0.20182951224481097,2.0082036583576883,-0.4246395800082852,2.008199841529885,-0.48660546296529505,2.0081997490448193,0.11569206025460735,2.0081978535606253,-0.5130775828799559,2.0081978304503734,-0.5130775828799559,2.0081967906238636,6.521817543103551,2.0081967906238636,-0.4004570480795102,2.008196259258842,-0.5130775828799559,2.0081958896542393,-0.5119368870231404,2.0081958203570873,0.5095619964023669,2.0082199370219405,0.0660437229431845,2.008219960257001,0.7257482999249457,2.008222144939338,-0.5005641901243507,2.008229334691683,0.8487354798734159,2.0082294511340963,0.4356124751720604,2.008231757372631,0.8481761187038476,2.008231757372631,-0.36043080904715347,2.0082322467409304,-0.5130775828799559,2.008233994959934,-0.4630240118575356,2.0082340182745373,-0.5130775828799559,2.0082352774591845,-0.037568658166963316,2.008236163782971,-0.4630240118575356,2.008236537029012,-0.5130775828799559,2.008238403766775,0.14138024113991496,2.0082397576808537,-0.5005641901243507
2.0082106535205857,-0.48805079736874574,2.0082106535205857,-0.5130775828799559,2.0082106303381098,-0.037568658166963316,2.008210537609514,-0.059662692331435056,2.008210213075922,-0.4903046971584925,2.0082028484306553,-0.41332784835900094,2.008199841529885,-0.48660546296529505,2.0081997490448193,0.11569206025460735,2.0081978535606253,-0.5130775828799559,2.0081978304503734,-0.5130775828799559,2.0081967906238636,6.521817543103551,2.0081967906238636,-0.4004570480795102,2.008196259258842,-0.5130775828799559,2.0081958896542393,-0.5119368870231404,2.0081958203570873,0.5095619964023669,2.0082199137870114,-0.2753231205234596,2.0082199137870114,-0.5046488243010282,2.0082199370219405,0.0660437229431845,2.008219960257001,0.7257482999249457,2.008222144939338,-0.5005641901243507,2.0082292415401244,-0.037568658166963316,2.008229334691683,0.8487354798734159,2.008229334691683,-0.36047931095747415,2.0082294511340963,0.4356124751720604,2.008231757372631,0.8481761187038476,2.0082322467409304,-0.5130775828799559,2.008233994959934,-0.4630240118575356,2.0082340182745373,-0.5130775828799559,2.008236163782971,-0.4630240118575356,2.008236537029012,-0.5130775828799559
2.008210769434931,-0.5130775828799559,2.0082107462518,-0.037568658166963316,2.0082106535205857,-0.48805079736874574,2.0082106535205857,-0.4630240118575356,2.008210213075922,-0.4903046971584925,2.0082100739979505,1.3490797852420289,2.0082028484306553,-0.41332784835900094,2.008199841529885,-0.48660546296529505,2.0081997490448193,0.11569206025460735,2.0081978535606253,-0.5130775828799559,2.0081978304503734,-0.5130775828799559,2.0081967906238636,6.521817543103551,2.0081967906238636,-0.4004570480795102,2.008196259258842,-0.5130775828799559,2.0081958896542393,-0.5119368870231404,2.0082198905522137,-0.2753231205234596,2.0082199137870114,-0.5046488243010282,2.0082199370219405,0.0660437229431845,2.008219960257001,0.7257482999249457,2.008222144939338,-0.5005641901243507,2.0082292415401244,-0.037568658166963316,2.008229334691683,0.8487354798734159,2.008229334691683,-0.36047931095747415,2.0082294511340963,0.4356124751720604,2.008231757372631,0.8481761187038476,2.0082322467409304,-0.5130775828799559,2.008233994959934,-0.4630240118575356,2.0082340182745373,-0.5130775828799559,2.008236163782971,-0.4630240118575356,2.008236537029012,-0.5130775828799559
2.0082121838535136,-0.4899833031789576,2.008210699885931,-0.5130775828799559,2.008210676703193,-0.4630240118575356,2.008210676703193,-0.5130775828799559,2.0082106535205857,-0.48805079736874574,2.008210213075922,-0.4903046971584925,2.0082100739979505,1.3490797852420289,2.0082036583576883,-0.4137746015071615,2.008202871569208,-0.4132207086902274,2.008199841529885,-0.48660546296529505,2.0081997490448193,0.11569206025460735,2.0081978535606253,-0.5130775828799559,2.0081978304503734,-0.5130775828799559,2.0081967906238636,6.521817543103551,2.0081967906238636,-0.4004570480795102,2.0082198905522137,-0.2753231205234596,2.0082199137870114,-0.5046488243010282,2.0082199370219405,0.0660437229431845,2.008219960257001,0.7257482999249457,2.008222144939338,-0.5005641901243507,2.0082292182525645,0.8494503324613654,2.008229334691683,0.8487354798734159,2.008229334691683,-0.36047931095747415,2.0082294511340963,0.4356124751720604,2.0082319437917895,-0.5130775828799559,2.008233994959934,-0.4630240118575356,2.0082340182745373,-0.5130775828799559,2.008236163782971,-0.4630240118575356,2.008236537029012,-0.5130775828799559,2.0082383104097907,-0.037568658166963316
2.0082136915572404,-0.037568658166963316,2.0082136219587285,-0.5130775828799559,2.0082136219587285,-0.5024966959345627,2.008213598759487,-0.057890195274389114,2.008212230236144,-0.4892256297609985,2.0082108853525487,-0.4903046971584925,2.0082106535205857,-0.48805079736874574,2.0082100739979505,1.3490797852420289,2.0082036583576883,-0.4137746015071615,2.0081998646514774,-0.4132207086902274,2.008199841529885,-0.48660546296529505,2.0081997490448193,0.11569206025460735,2.0081978535606253,-0.5130775828799559,2.0081978304503734,-0.5130775828799559,2.0081967906238636,6.521817543103551,2.0082198673175475,-0.48611829155853387,2.0082198673175475,-0.5005641901243507,2.0082198905522137,-0.4004570480795102,2.0082198905522137,0.0660437229431845,2.008219960257001,0.7257482999249457,2.008222144939338,-0.5005641901243507,2.008229125103642,-0.037568658166963316,2.0082292182525645,0.8494503324613654,2.008229311403596,0.8495782819022912,2.008229334691683,-0.36047931095747415,2.0082294511340963,0.4356124751720604,2.0082319437917895,-0.5130775828799559,2.008233994959934,-0.4630240118575356,2.0082340182745373,-0.5130775828799559,2.008236163782971,-0.4630240118575356
2.0082137843570904,-0.5024966959345627,2.0082137611569313,-0.39205843426373077,2.0082137611569313,-0.48805079736874574,2.008213737956903,-0.48805079736874574,2.008212230236144,-0.4892256297609985,2.008210978088999,-0.037568658166963316,2.0082108853525487,-0.4903046971584925,2.008210097177285,-0.36063034760803436,2.0082100739979505,1.3490797852420289,2.008206922827268,-0.38910509838590945,2.0082036583576883,-0.4137746015071615,2.008200419608816,-0.4132207086902274,2.008200396484094,-0.3127781076123946,2.008199841529885,-0.48660546296529505,2.0081997490448193,0.11569206025460735,2.008219820848609,-0.48805079736874574,2.008219820848609,-0.48611829155853387,2.008219820848609,-0.5005641901243507,2.0082198440830124,-0.48805079736874574,2.0082198440830124,-0.2753231205234596,2.0082198905522137,0.0660437229431845,2.008219960257001,0.7257482999249457,2.008222144939338,-0.5005641901243507,2.008229125103642,-0.037568658166963316,2.0082292182525645,0.8494503324613654,2.008229311403596,0.8495782819022912,2.008229334691683,-0.36047931095747415,2.0082294511340963,0.4356124751720604,2.0082319437917895,-0.5130775828799559,2.0082340182745373,-0.5130775828799559
2.0082140395674917,-0.477628968158669,2.008213877159038,-0.5024966959345627,2.008213877159038,-0.48805079736874574,2.0082138539583543,-0.04080795009603581,2.0082108853525487,-0.4903046971584925,2.008210097177285,-0.4584079088637421,2.0082100739979505,1.3490797852420289,2.008200419608816,-0.4132207086902274,2.008199841529885,-0.48660546296529505,2.0081997490448193,0.11569206025460735,2.0081978304503734,-0.5130775828799559,2.0081967906238636,6.521817543103551,2.0081967906238636,-0.4004570480795102,2.008196259258842,-0.5130775828799559,2.0081958203570873,0.5095619964023669,2.008219751146186,-0.48805079736874574,2.008219751146186,-0.48611829155853387,2.0082197743801955,-0.2753231205234596,2.0082197743801955,-0.48805079736874574,2.0082198905522137,0.0660437229431845,2.008219960257001,0.7257482999249457,2.008222144939338,-0.5005641901243507,2.0082290086704546,-0.037568658166963316,2.0082291018167413,0.849702364704856,2.0082292182525645,0.8494503324613654,2.008229334691683,-0.36047931095747415,2.0082294511340963,0.4356124751720604,2.0082319437917895,-0.5130775828799559,2.008233994959934,-0.4630240118575356,2.0082340182745373,-0.5130775828799559
2.0082101435363473,-0.48805079736874574,2.0082101203567504,-0.4903046971584925,2.0082101203567504,-0.17211369568682772,2.008210097177285,-0.4584079088637421,2.008210097177285,-0.5130775828799559,2.0082100508187466,-0.33381847656666613,2.008206922827268,-0.3074915620615414,2.008203727787448,-0.4500687211501591,2.0081998646514774,-0.4132207086902274,2.008199841529885,-0.48660546296529505,2.0081997490448193,0.11569206025460735,2.0081978304503734,-0.5130775828799559,2.0081967906238636,6.521817543103551,2.0081967906238636,-0.4004570480795102,2.008196259258842,-0.5130775828799559,2.0082196117448867,-0.48805079736874574,2.0082196349781083,-0.50464965018495,2.0082196349781083,-0.48611829155853387,2.0082196582114613,-0.2753231205234596,2.0082196582114613,-0.48805079736874574,2.0082196814449453,-0.48805079736874574,2.008219960257001,0.7257482999249457,2.008222144939338,-0.5005641901243507,2.008228985384213,0.8497043042807331,2.0082319437917895,-0.5130775828799559,2.008233994959934,-0.4630240118575356,2.0082340182745373,-0.5130775828799559,2.008236163782971,-0.4630240118575356,2.008236537029012,-0.5130775828799559,2.008238403766775,0.14138024113991496
2.0082101667160743,-0.5024966959345627,2.0082101435363473,-0.17211369568682772,2.0082101203567504,-0.4903046971584925,2.008210097177285,-0.4584079088637421,2.008210097177285,-0.5130775828799559,2.0082100508187466,-0.33381847656666613,2.008203727787448,-0.4500687211501591,2.0081998646514774,-0.4132207086902274,2.008199841529885,-0.48660546296529505,2.0081997490448193,0.11569206025460735,2.0081978304503734,-0.5130775828799559,2.0081967906238636,6.521817543103551,2.0081967906238636,-0.4004570480795102,2.008196259258842,-0.5130775828799559,2.0081958203570873,0.5095619964023669,2.0082195652788375,-0.4004570480795102,2.0082195885117966,-0.48611829155853387,2.0082196117448867,-0.50464965018495,2.0082196814449453,-0.48805079736874574,2.008219960257001,0.7257482999249457,2.008222144939338,-0.5005641901243507,2.008228985384213,0.8497043042807331,2.008228985384213,0.0660437229431845,2.0082319437917895,-0.5130775828799559,2.008233994959934,-0.4630240118575356,2.0082340182745373,-0.5130775828799559,2.008236163782971,-0.4630240118575356,2.008236537029012,-0.5130775828799559,2.0082382170549224,-0.3603014706196315,2.0082383104097907,-0.037568658166963316
2.0082102826166746,-0.5005641901243507,2.0082102826166746,-0.5130775828799559,2.008210259436293,-0.17211369568682772,2.0082101203567504,-0.4903046971584925,2.008210097177285,-0.4584079088637421,2.0082100508187466,-0.33381847656666613,2.008208938370859,-0.5130775828799559,2.008203727787448,-0.4500687211501591,2.0081998646514774,-0.4132207086902274,2.008199841529885,-0.48660546296529505,2.0081997490448193,0.11569206025460735,2.0081978304503734,-0.5130775828799559,2.0081967906238636,6.521817543103551,2.0081967906238636,-0.4004570480795102,2.008196259258842,-0.5130775828799559,2.0082196349781083,-0.4004570480795102,2.0082196582114613,-0.5046497002385211,2.0082196814449453,-0.48805079736874574,2.008219960257001,0.7257482999249457,2.008222144939338,-0.5005641901243507,2.0082288922405622,-0.037568658166963316,2.0082289620981024,0.8493824973592371,2.008228985384213,0.0660437229431845,2.0082319437917895,-0.5130775828799559,2.008233994959934,-0.4630240118575356,2.0082340182745373,-0.5130775828799559,2.008236163782971,-0.4630240118575356,2.008236537029012,-0.5130775828799559,2.0082383104097907,-0.037568658166963316,2.0082383104097907,-0.3602995936107182
2.0082103521586054,-0.5005641901243507,2.008210328977831,-0.48805079736874574,2.008210328977831,-0.4630240118575356,2.008210305797187,-0.17211369568682772,2.0082101203567504,-0.4903046971584925,2.008210097177285,-0.4584079088637421,2.0082100508187466,-0.25927215409566673,2.008208938370859,-0.5130775828799559,2.0081998646514774,-0.4132207086902274,2.008199841529885,-0.48660546296529505,2.0081997490448193,0.11569206025460735,2.0081978304503734,-0.5130775828799559,2.0081967906238636,6.521817543103551,2.0081967906238636,-0.4004570480795102,2.008196259258842,-0.5130775828799559,2.0082195885117966,-0.44219386790155824,2.008219960257001,0.61662089122562,2.008228868954979,0.8493960618769844,2.008228985384213,0.0660437229431845,2.0082319437917895,-0.5130775828799559,2.008233994959934,-0.4630240118575356,2.0082340182745373,-0.5130775828799559,2.008236163782971,-0.4630240118575356,2.008236537029012,-0.5130775828799559,2.0082383104097907,-0.037568658166963316,2.008238403766775,0.14138024113991496,2.0082397576808537,-0.5005641901243507,2.0082410419760364,0.4356124751720604,2.0082427472044673,-0.4630240118575356,2.0082455986140135,-0.49040113787646
2.008210537609514,-0.5005641901243507,2.008210514427692,-0.39887892155213717,2.0082104680644415,-0.5130775828799559,2.0082104217017145,-0.17211369568682772,2.008210375339511,-0.48805079736874574,2.008210375339511,-0.4903046971584925,2.008210097177285,-0.4584079088637421,2.0082100508187466,-0.25927215409566673,2.008208938370859,-0.5130775828799559,2.0081998646514774,-0.4132207086902274,2.008199841529885,-0.48660546296529505,2.0081997490448193,0.11569206025460735,2.0081978304503734,-0.5130775828799559,2.0081967906238636,6.521817543103551,2.0081967906238636,-0.4004570480795102,2.0082199370219405,-0.47944783984926725,2.008219960257001,0.61662089122562,2.0082289620981024,0.850226100245249,2.008228985384213,0.0660437229431845,2.008231081673955,-0.5036616302331457,2.0082319437917895,-0.5130775828799559,2.008233994959934,-0.4630240118575356,2.0082340182745373,-0.5130775828799559,2.008236163782971,-0.4630240118575356,2.008236537029012,-0.5130775828799559,2.008238403766775,0.14138024113991496,2.0082397576808537,-0.5005641901243507,2.0082410419760364,0.4356124751720604,2.0082427472044673,-0.4630240118575356,2.0082455986140135,-0.49040113787646
2.0082106071557644,-0.5005641901243507,2.00821058397355,-0.3945937477431585,2.008210537609514,-0.17211369568682772,2.008210537609514,-0.4630240118575356,2.008210375339511,-0.48805079736874574,2.008210375339511,-0.4903046971584925,2.008210097177285,-0.4584079088637421,2.008208938370859,-0.5130775828799559,2.0081998646514774,-0.4132207086902274,2.0081997490448193,0.11569206025460735,2.0081978304503734,-0.5130775828799559,2.0081967906238636,6.521817543103551,2.0081967906238636,-0.4004570480795102,2.008196259258842,-0.5130775828799559,2.0081958203570873,0.5095619964023669,2.0082199370219405,-0.47944783984926725,2.0082199370219405,-0.5072968333956128,2.008219960257001,0.61662089122562,2.008220424985795,-0.2753231205234596,2.008228775813964,0.0660437229431845,2.0082289620981024,0.850226100245249,2.008231081673955,-0.5036616302331457,2.0082319437917895,-0.5130775828799559,2.008233994959934,-0.4630240118575356,2.0082340182745373,-0.5130775828799559,2.008236163782971,-0.4630240118575356,2.008236537029012,-0.5130775828799559,2.0082383104097907,-0.037568658166963316,2.008238403766775,0.14138024113991496,2.008238403766775,-0.36029772911519764
2.0082130884093212,-0.5005641901243507,2.0082130884093212,-0.4755374046131407,2.0082130652130936,-0.3371494666378517,2.0082130652130936,-0.48805079736874574,2.0082107230688,-0.3852900402293661,2.008210699885931,-0.17211369568682772,2.008210375339511,-0.48805079736874574,2.008210375339511,-0.4903046971584925,2.008210097177285,-0.4584079088637421,2.008208938370859,-0.5130775828799559,2.008203727787448,-0.43568067199905125,2.0081997490448193,0.11569206025460735,2.0081978304503734,-0.5130775828799559,2.0081967906238636,6.521817543103551,2.0081967906238636,-0.4004570480795102,2.0082199370219405,-0.47944783984926725,2.0082199370219405,-0.5130775828799559,2.008219960257001,0.61662089122562,2.008220424985795,-0.2753231205234596,2.00822875252904,0.8494425866712495,2.008228775813964,0.0660437229431845,2.0082319437917895,-0.5130775828799559,2.008233994959934,-0.4630240118575356,2.0082340182745373,-0.5130775828799559,2.008236163782971,-0.4630240118575356,2.008236537029012,-0.5130775828799559,2.0082383104097907,-0.037568658166963316,2.0082383104097907,-0.3602995936107182,2.008238403766775,0.14138024113991496,2.0082397576808537,-0.5005641901243507
2.0082198673175475,-0.4755374046131407,2.0082198440830124,-0.17211369568682772,2.008219751146186,-0.31636789967255163,2.0082195652788375,-0.48805079736874574,2.0082192864935755,-0.48805079736874574,2.0082189148093086,-0.4840437086869748,2.008216662192899,-0.5130775828799559,2.00821663897648,1.3964152346302547,2.00821663897648,-0.10549135404438761,2.00821663897648,0.012222131607589231,2.00821663897648,-0.25108467875585255,2.008213204392426,-0.39022651110448847,2.0082130652130936,-0.3371494666378517,2.008210375339511,-0.4903046971584925,2.008210097177285,-0.4584079088637421,2.008219960257001,0.61662089122562,2.00822026232474,-0.48805079736874574,2.008220424985795,-0.2753231205234596,2.00822875252904,0.8502144502765935,2.008228775813964,0.0660437229431845,2.0082319437917895,-0.5130775828799559,2.008233994959934,-0.4630240118575356,2.0082340182745373,-0.5130775828799559,2.008236163782971,-0.4630240118575356,2.008236537029012,-0.5130775828799559,2.0082383104097907,-0.037568658166963316,2.008238403766775,0.14138024113991496,2.0082397576808537,-0.5005641901243507,2.0082410419760364,0.4356124751720604,2.0082410419760364,-0.3602448975709835
2.0082199370219405,-0.17211369568682772,2.0082199370219405,-0.4755374046131407,2.008219751146186,-0.31636789967255163,2.0082196117448867,-0.48805079736874574,2.0082193329564726,-0.48805079736874574,2.0082189148093086,-0.4840437086869748,2.008216662192899,-0.5130775828799559,2.00821663897648,1.3964152346302547,2.00821663897648,-0.10549135404438761,2.00821663897648,0.012222131607589231,2.00821663897648,-0.25108467875585255,2.008213204392426,-0.39022651110448847,2.0082130652130936,-0.3371494666378517,2.008210097177285,-0.4584079088637421,2.008210097177285,-0.4903046971584925,2.008219960257001,0.61662089122562,2.008220424985795,-0.2753231205234596,2.00822875252904,0.8502144502765935,2.0082319437917895,-0.5130775828799559,2.008233994959934,-0.4630240118575356,2.0082340182745373,-0.5130775828799559,2.008236163782971,-0.4630240118575356,2.008236537029012,-0.5130775828799559,2.0082383104097907,-0.037568658166963316,2.008238403766775,0.14138024113991496,2.0082397576808537,-0.5005641901243507,2.0082410419760364,0.4356124751720604,2.0082410419760364,-0.3602448975709835,2.0082427472044673,-0.4630240118575356,2.0082455986140135,-0.49040113787646
2.0082199370219405,-0.17211369568682772,2.0082199370219405,-0.4755374046131407,2.008219751146186,-0.31636789967255163,2.0082196117448867,-0.48805079736874574,2.0082193329564726,-0.48805079736874574,2.008218775436375,-0.4878629338033058,2.008216662192899,-0.5130775828799559,2.00821663897648,1.3964152346302547,2.00821663897648,-0.10549135404438761,2.00821663897648,0.012222131607589231,2.00821663897648,-0.25108467875585255,2.0082130652130936,-0.3371494666378517,2.008210097177285,-0.4584079088637421,2.008210097177285,-0.4903046971584925,2.008208938370859,-0.5130775828799559,2.008219960257001,0.61662089122562,2.008220424985795,-0.2753231205234596,2.00822875252904,0.8502299793970033,2.0082319437917895,-0.5130775828799559,2.0082319437917895,0.0660437229431845,2.008233994959934,-0.4630240118575356,2.0082340182745373,-0.5130775828799559,2.008236163782971,-0.4630240118575356,2.008236537029012,-0.5130775828799559,2.0082383104097907,-0.037568658166963316,2.008238403766775,0.14138024113991496,2.008238403766775,-0.36029772911519764,2.0082397576808537,-0.5005641901243507,2.0082410419760364,0.4356124751720604,2.0082427472044673,-0.4630240118575356
2.0082199370219405,-0.1846270884424328,2.0082199370219405,-0.4755374046131407,2.008219751146186,-0.31636789967255163,2.0082196117448867,-0.48805079736874574,2.0082193329564726,-0.48805079736874574,2.008218636068168,-0.48742876912825733,2.008216662192899,-0.5130775828799559,2.00821663897648,-0.10549135404438761,2.00821663897648,0.012222131607589231,2.00821663897648,-0.25108467875585255,2.0082130652130936,-0.3371494666378517,2.008210097177285,-0.4584079088637421,2.008210097177285,-0.4903046971584925,2.008208938370859,-0.5130775828799559,2.008206922827268,-0.439396436384079,2.008219960257001,0.61662089122562,2.008220424985795,-0.2753231205234596,2.00822875252904,0.8502299793970033,2.0082319437917895,-0.5130775828799559,2.0082319437917895,0.0660437229431845,2.008233994959934,-0.4630240118575356,2.0082340182745373,-0.5130775828799559,2.008236163782971,-0.4630240118575356,2.008236537029012,-0.5130775828799559,2.0082383104097907,-0.037568658166963316,2.008238403766775,0.14138024113991496,2.008238403766775,-0.36029772911519764,2.0082397576808537,-0.5005641901243507,2.0082410419760364,0.4356124751720604,2.0082427472044673,-0.4630240118575356
2.0082199370219405,-0.1846270884424328,2.0082199370219405,-0.4755374046131407,2.0082196117448867,-0.48805079736874574,2.0082193329564726,-0.48805079736874574,2.008218450251245,-0.48488857542565506,2.008216662192899,-0.44078518522548876,2.00821663897648,1.295884764508492,2.008210097177285,-0.4903046971584925,2.008208938370859,-0.5130775828799559,2.008206922827268,-0.439396436384079,2.008206922827268,-0.28673512198889456,2.0082042832678324,14.001154393391428,2.00819977216589,-0.4132207086902274,2.0081997490448193,0.11569206025460735,2.00819910170777,0.6195695971481219,2.008219960257001,0.61662089122562,2.008220424985795,-0.2753231205234596,2.0082319437917895,-0.5130775828799559,2.0082319437917895,0.0660437229431845,2.008233994959934,-0.4630240118575356,2.0082340182745373,-0.5130775828799559,2.008236163782971,-0.4630240118575356,2.008236537029012,-0.5130775828799559,2.0082383104097907,-0.037568658166963316,2.008238403766775,0.14138024113991496,2.0082397576808537,-0.5005641901243507,2.0082410419760364,0.4356124751720604,2.0082410419760364,-0.3602448975709835,2.0082427472044673,-0.4630240118575356,2.0082455986140135,-0.49040113787646
2.0082199370219405,-0.1846270884424328,2.0082199370219405,-0.4755374046131407,2.0082199370219405,-0.4048993025077501,2.0082199370219405,0.49730380177861966,2.0082199370219405,-0.3652708892578794,2.0082199370219405,-0.43675840046352055,2.008219751146186,-0.5062345589711966,2.008219751146186,-0.46866427348141154,2.0082196117448867,-0.48805079736874574,2.0082193329564726,-0.48805079736874574,2.0082168014941693,-0.4364243053903386,2.008216778276963,-0.48844719662445774,2.00821663897648,1.295884764508492,2.0082130652130936,-0.4851954038160225,2.008208938370859,-0.5130775828799559,2.008219960257001,0.61662089122562,2.008220424985795,-0.2753231205234596,2.008231920488933,0.8502299793970033,2.008231920488933,-0.3604275430516443,2.0082319437917895,-0.5130775828799559,2.0082319437917895,0.0660437229431845,2.008233994959934,-0.4630240118575356,2.0082340182745373,-0.5130775828799559,2.008236163782971,-0.4630240118575356,2.008236537029012,-0.5130775828799559,2.0082383104097907,-0.037568658166963316,2.008238403766775,0.14138024113991496,2.0082397576808537,-0.5005641901243507,2.0082410419760364,0.4356124751720604,2.0082427472044673,-0.4630240118575356
2.0082199370219405,-0.1846270884424328,2.0082199370219405,-0.4755374046131407,2.0082199370219405,-0.4048993025077501,2.0082199370219405,0.49730380177861966,2.0082199370219405,-0.3652708892578794,2.0082199370219405,-0.43675840046352055,2.0082196117448867,-0.48805079736874574,2.0082193329564726,-0.48805079736874574,2.0082168014941693,-0.33404867293979823,2.00821663897648,1.295884764508492,2.008208938370859,-0.5130775828799559,2.008208938370859,-0.4903046971584925,2.008206922827268,-0.28673512198889456,2.0082042832678324,14.001154393391428,2.00819977216589,-0.4132207086902274,2.008219960257001,0.61662089122562,2.008220424985795,-0.2753231205234596,2.0082319437917895,-0.5130775828799559,2.0082319437917895,0.0660437229431845,2.008233994959934,-0.4630240118575356,2.0082340182745373,-0.5130775828799559,2.008236163782971,-0.4630240118575356,2.008236537029012,-0.5130775828799559,2.0082383104097907,-0.037568658166963316,2.008238403766775,0.14138024113991496,2.008238403766775,-0.36029772911519764,2.0082397576808537,-0.5005641901243507,2.0082410419760364,0.4356124751720604,2.0082427472044673,-0.4630240118575356,2.0082455986140135,-0.49040113787646
2.0082199370219405,-0.1846270884424328,2.0082199370219405,-0.4755374046131407,2.0082199370219405,-0.4048993025077501,2.0082199370219405,0.49730380177861966,2.0082199370219405,-0.3652708892578794,2.0082199370219405,-0.43675840046352055,2.0082196117448867,-0.48805079736874574,2.0082193329564726,-0.48805079736874574,2.0082168014941693,-0.33404867293979823,2.00821663897648,1.295884764508492,2.008214341200232,-0.4842698757476397,2.008208938370859,-0.5130775828799559,2.008208938370859,-0.4903046971584925,2.008206922827268,-0.48624973223603873,2.008204306414481,-0.418505289638418,2.008219960257001,0.61662089122562,2.008220424985795,-0.2753231205234596,2.008228729244247,0.8502299793970033,2.008228729244247,-0.36049143643505444,2.008231920488933,0.0660437229431845,2.0082319437917895,-0.5130775828799559,2.008233994959934,-0.4630240118575356,2.0082340182745373,-0.5130775828799559,2.008236163782971,-0.4630240118575356,2.008236537029012,-0.5130775828799559,2.0082383104097907,-0.037568658166963316,2.008238403766775,0.14138024113991496,2.0082397576808537,-0.5005641901243507,2.0082410419760364,0.4356124751720604,2.0082427472044673,-0.4630240118575356
2.0082199370219405,-0.1846270884424328,2.0082199370219405,-0.4755374046131407,2.0082199370219405,-0.4048993025077501,2.0082199370219405,0.49730380177861966,2.0082199370219405,-0.43675840046352055,2.0082196117448867,-0.48805079736874574,2.0082193329564726,-0.48805079736874574,2.00821663897648,-0.5067376849537213,2.0082131348021703,-0.48583488823940496,2.008208938370859,-0.5130775828799559,2.008208938370859,-0.4903046971584925,2.008206922827268,-0.3090938519503256,2.0082042832678324,14.001154393391428,2.00819977216589,-0.4132207086902274,2.0081997490448193,0.11569206025460735,2.008219960257001,0.61662089122562,2.008220424985795,-0.2753231205234596,2.008228729244247,0.8502299793970033,2.008228729244247,-0.36049143643505444,2.008231920488933,0.0660437229431845,2.0082319437917895,-0.5130775828799559,2.008233994959934,-0.4630240118575356,2.0082340182745373,-0.5130775828799559,2.008236163782971,-0.4630240118575356,2.008236537029012,-0.5130775828799559,2.0082383104097907,-0.037568658166963316,2.008238403766775,0.14138024113991496,2.0082397576808537,-0.5005641901243507,2.0082410419760364,0.4356124751720604,2.0082427472044673,-0.4630240118575356
2.0082199370219405,-0.1846270884424328,2.0082199370219405,-0.4755374046131407,2.0082199370219405,-0.4048993025077501,2.0082199370219405,0.49730380177861966,2.0082199370219405,-0.43675840046352055,2.0082199370219405,-0.4004570480795102,2.0082196117448867,-0.48805079736874574,2.0082193329564726,-0.48805079736874574,2.0082166854094496,-0.5080888310499005,2.008216662192899,1.4387088003227853,2.008208938370859,-0.5130775828799559,2.008208938370859,-0.4903046971584925,2.008206945988813,-0.4971608601296451,2.008206922827268,-0.3090938519503256,2.008204306414481,-0.21918189654597228,2.008219960257001,0.61662089122562,2.008220424985795,-0.2753231205234596,2.008228729244247,0.8502299793970033,2.008228729244247,-0.36049143643505444,2.008228729244247,0.0660437229431845,2.0082319437917895,-0.5130775828799559,2.008233994959934,-0.4630240118575356,2.0082340182745373,-0.5130775828799559,2.008236163782971,-0.4630240118575356,2.008236537029012,-0.5130775828799559,2.0082383104097907,-0.037568658166963316,2.008238403766775,0.14138024113991496,2.0082397576808537,-0.5005641901243507,2.0082410419760364,0.4356124751720604,2.0082427472044673,-0.4630240118575356
2.0082199370219405,-0.1846270884424328,2.0082199370219405,-0.4755374046131407,2.0082199370219405,-0.4048993025077501,2.0082199370219405,0.49730380177861966,2.0082199370219405,-0.43675840046352055,2.0082196117448867,-0.48805079736874574,2.0082193329564726,-0.48805079736874574,2.0082166854094496,-0.5080888310499005,2.0082101203567504,-0.4855073877242052,2.008208938370859,-0.5130775828799559,2.008208938370859,-0.4903046971584925,2.008206945988813,-0.3731382594976124,2.008206922827268,-0.3090938519503256,2.008204306414481,-0.21918189654597228,2.008204306414481,-0.4892553866089713,2.008219960257001,0.61662089122562,2.008220424985795,-0.2753231205234596,2.008228729244247,0.0660437229431845,2.008228729244247,0.8502299793970033,2.008228729244247,-0.36049143643505444,2.0082319437917895,-0.5130775828799559,2.008233994959934,-0.4630240118575356,2.0082340182745373,-0.5130775828799559,2.008236163782971,-0.4630240118575356,2.008236537029012,-0.5130775828799559,2.0082383104097907,-0.037568658166963316,2.008238403766775,0.14138024113991496,2.0082397576808537,-0.5005641901243507,2.0082410419760364,0.4356124751720604,2.0082427472044673,-0.4630240118575356
2.0082199370219405,-0.1846270884424328,2.0082199370219405,-0.4755374046131407,2.0082199370219405,-0.4048993025077501,2.0082199370219405,0.49730380177861966,2.0082199370219405,-0.43675840046352055,2.0082196117448867,-0.48805079736874574,2.0082193329564726,-0.48805079736874574,2.0082166854094496,-0.5080888310499005,2.0082166854094496,-0.5130775828799559,2.008208938370859,-0.5130775828799559,2.008208938370859,-0.4903046971584925,2.008206945988813,-0.3731382594976124,2.008206922827268,-0.3090938519503256,2.00820432956126,-0.18100822777090456,2.008204306414481,-0.4892553866089713,2.008219960257001,0.61662089122562,2.008220424985795,-0.2753231205234596,2.0082287059595867,-0.5005641901243507,2.0082287059595867,-0.5130775828799559,2.0082287059595867,0.8502299793970033,2.008228729244247,0.0660437229431845,2.008228729244247,0.8502299793970033,2.008228729244247,-0.36049143643505444,2.0082319437917895,-0.5130775828799559,2.0082325963253402,0.43704953822289966,2.008233994959934,-0.4630240118575356,2.0082340182745373,-0.5130775828799559,2.008236163782971,-0.4630240118575356,2.008236537029012,-0.5130775828799559,2.0082383104097907,-0.037568658166963316
