2.00816941134166,-0.5130775828799559,2.00816938839149,1.3514179377051991,2.008169227743911,-0.5084488788996575,2.008169181845763,-0.4505106191019305,2.0081691588968824,1.7056931967099571,2.008166956404517,-0.5130775828799559,2.0081669334681385,0.10323610397175041,2.0081668875957672,-0.5130775828799559,2.008166864659775,0.12083919409677037,2.0081644800197656,-0.5130775828799559,2.0081623258699137,-0.5130775828799559,2.0081623029595366,3.4687361477745817,2.0081590280992665,1.0002836654160254,2.008158959424047,-0.03281426966982772,2.008157700583214,23.8663946634443,2.0081716840469506,-0.5130775828799559,2.0081760263612183,-0.4004570480795102,2.0081760263612183,-0.5130775828799559,2.0081760263612183,-0.4630240118575356,2.0081782797489143,-0.5005641901243507,2.0081783027490685,-0.5130775828799559,2.0081783257493515,-0.5130775828799559,2.0081783487497646,-0.5130775828799559,2.008178394750978,-0.037568658166963316,2.0081784867549577,0.20367670290674234,2.008179337889911,-0.5130775828799559,2.008181454993557,-0.5005641901243507,2.0081867064553363,-0.037568658166963316,2.008186798646419,0.18391839360724627,2.0081950581657497,0.4281315185006206
2.008169503143629,-0.48805079736874574,2.0081694801929437,-0.5084488788996575,2.00816938839149,1.3514179377051991,2.0081691588968824,1.7056931967099571,2.008166956404517,-0.5130775828799559,2.008166956404517,0.10323610397175041,2.008166864659775,0.12083919409677037,2.008163334053848,-0.5130775828799559,2.0081623258699137,-0.5130775828799559,2.0081623029595366,3.4687361477745817,2.0081590280992665,1.0002836654160254,2.008158959424047,-0.03281426966982772,2.008157700583214,23.8663946634443,2.0081565793976246,-0.5130775828799559,2.008155938858505,-0.11389683771278994,2.0081784867549577,0.14110973912871697,2.008179337889911,-0.5130775828799559,2.008181454993557,-0.5005641901243507,2.0081824909325734,0.18266705433168576,2.0081923339136707,2.4818152722827826,2.0081950581657497,0.4281315185006206,2.0081950581657497,-0.36284819631325227,2.00819933288784,-0.037568658166963316,2.008199425363518,-0.037568658166963316,2.0082048156737935,-0.037568658166963316,2.0082048851231438,0.09191586321539234,2.0082049082731883,2.0897081102858976,2.0082065985793665,-0.2878365132790647,2.0082066217390815,0.4281315185006206,2.0082081505693203,-0.4505106191019305
2.008169594947662,-0.037568658166963316,2.008169503143629,-0.5130775828799559,2.0081694801929437,-0.5084488788996575,2.008169434291959,-0.4505106191019305,2.00816938839149,1.3514179377051991,2.0081691588968824,1.7056931967099571,2.008166979341025,0.10323610397175041,2.0081668875957672,-0.5130775828799559,2.008166864659775,0.12083919409677037,2.008163334053848,-0.5130775828799559,2.0081623029595366,3.4687361477745817,2.008161180508586,-0.5130775828799559,2.0081590280992665,1.0002836654160254,2.008158959424047,-0.03281426966982772,2.008157700583214,23.8663946634443,2.008175980386644,-0.31206853567618803,2.008175980386644,-0.4630240118575356,2.0081784867549577,0.14110973912871697,2.008179337889911,-0.5130775828799559,2.008181454993557,-0.5005641901243507,2.0081824909325734,0.18266705433168576,2.0081923339136707,2.4818152722827826,2.0081950581657497,0.4281315185006206,2.0081950581657497,-0.36284819631325227,2.00819933288784,-0.037568658166963316,2.008199425363518,-0.037568658166963316,2.0082048156737935,-0.037568658166963316,2.0082048851231438,0.09191586321539234,2.0082049082731883,2.0897081102858976,2.0082065985793665,-0.2878365132790647
2.008169640850452,-0.48805079736874574,2.008169640850452,-0.5130775828799559,2.008169640850452,-0.4505106191019305,2.008169526094444,-0.5005641901243507,2.0081694801929437,-0.5084488788996575,2.00816938839149,1.3514179377051991,2.0081691588968824,1.7056931967099571,2.008168929415169,-0.5130775828799559,2.0081668875957672,0.10323610397175041,2.008166864659775,0.12083919409677037,2.008163334053848,-0.5130775828799559,2.0081623029595366,3.4687361477745817,2.008161180508586,-0.5130775828799559,2.0081590280992665,1.0002836654160254,2.008158959424047,-0.03281426966982772,2.0081784637537687,-0.5005641901243507,2.0081784867549577,0.14110973912871697,2.008179337889911,-0.5130775828799559,2.008181454993557,-0.5005641901243507,2.0081815010297213,0.18266705433168576,2.0081922415978815,-0.037568658166963316,2.0081923339136707,2.4818152722827826,2.0081950581657497,0.4281315185006206,2.0081950581657497,-0.36284819631325227,2.008199425363518,-0.037568658166963316,2.0082048156737935,-0.037568658166963316,2.0082048851231438,0.09191586321539234,2.0082049082731883,2.0897081102858976,2.0082065985793665,-0.2878365132790647,2.0082066217390815,0.4281315185006206
2.008169778561917,-0.4505106191019305,2.0081697556096834,-0.5130775828799559,2.0081697556096834,-0.48805079736874574,2.008169732657579,-0.037568658166963316,2.008169526094444,-0.5005641901243507,2.00816938839149,1.3514179377051991,2.0081691588968824,1.7056931967099571,2.0081690671026498,-0.5130775828799559,2.0081668875957672,0.10323610397175041,2.008166864659775,0.12083919409677037,2.008163334053848,-0.5130775828799559,2.0081623029595366,3.4687361477745817,2.008161180508586,-0.5130775828799559,2.0081590280992665,1.0002836654160254,2.008158959424047,-0.03281426966982772,2.0081784637537687,-0.5005641901243507,2.0081784637537687,-0.48805079736874574,2.0081784867549577,0.14110973912871697,2.008179337889911,-0.5130775828799559,2.008181454993557,-0.5005641901243507,2.0081815010297213,0.18266705433168576,2.0081922415978815,-0.037568658166963316,2.0081923339136707,2.4818152722827826,2.0081950581657497,0.4281315185006206,2.0081950581657497,-0.36284819631325227,2.008199425363518,-0.037568658166963316,2.0082048156737935,-0.037568658166963316,2.0082048851231438,0.09191586321539234,2.0082049082731883,2.0897081102858976,2.0082065985793665,-0.2878365132790647
2.0081700310449944,-0.48805079736874574,2.0081700310449944,-0.5130775828799559,2.0081700310449944,-0.4505106191019305,2.008170008091342,-0.037568658166963316,2.008169916278024,-0.5084488788996575,2.0081691588968824,1.7056931967099571,2.0081668875957672,0.10323610397175041,2.008166864659775,0.12083919409677037,2.008163334053848,-0.5130775828799559,2.0081623029595366,3.4687361477745817,2.008161180508586,-0.5130775828799559,2.0081590280992665,1.0002836654160254,2.008158959424047,-0.03281426966982772,2.008157700583214,23.8663946634443,2.0081565793976246,-0.5130775828799559,2.0081784637537687,-0.5005641901243507,2.0081784637537687,-0.48805079736874574,2.0081784637537687,-0.4630240118575356,2.0081784867549577,0.14110973912871697,2.0081792918780867,0.18266705433168576,2.008179337889911,-0.5130775828799559,2.008181454993557,-0.5005641901243507,2.008190880181619,-0.037568658166963316,2.0081909724667275,2.4799632901549535,2.0081950581657497,0.4281315185006206,2.0081950581657497,-0.36284819631325227,2.008199425363518,-0.037568658166963316,2.0082047925242716,-0.037568658166963316,2.0082048851231438,0.09191586321539234,2.0082049082731883,2.0897081102858976
2.008170168769614,-0.48805079736874574,2.008170168769614,-0.5130775828799559,2.008170145815188,-0.037568658166963316,2.008170076952685,-0.5005641901243507,2.0081699392311605,-0.4505106191019305,2.008169916278024,-0.5084488788996575,2.008169181845763,-0.5130775828799559,2.0081691588968824,1.7056931967099571,2.0081668875957672,0.10323610397175041,2.008166864659775,0.12083919409677037,2.008163334053848,-0.5130775828799559,2.0081623029595366,3.4687361477745817,2.008161180508586,-0.5130775828799559,2.0081590280992665,1.0002836654160254,2.008158959424047,-0.03281426966982772,2.0081784637537687,-0.5005641901243507,2.0081784637537687,-0.48805079736874574,2.0081784637537687,-0.4630240118575356,2.0081784867549577,0.14110973912871697,2.0081792918780867,0.18266705433168576,2.008179337889911,-0.5130775828799559,2.008181454993557,-0.5005641901243507,2.008190880181619,-0.037568658166963316,2.0081909724667275,2.4799632901549535,2.0081950581657497,0.4281315185006206,2.0081950581657497,-0.36284819631325227,2.008199425363518,-0.037568658166963316,2.0082047925242716,-0.037568658166963316,2.0082048851231438,0.09191586321539234,2.0082049082731883,2.0897081102858976
2.0081705819713354,-0.5005641901243507,2.0081705590145877,-0.4505106191019305,2.0081705590145877,-0.4630240118575356,2.0081705360579694,-0.037568658166963316,2.0081704442327846,-0.5084488788996575,2.0081700999067236,-0.5130775828799559,2.0081691588968824,1.7056931967099571,2.0081668875957672,0.10323610397175041,2.008166864659775,0.12083919409677037,2.008163334053848,-0.5130775828799559,2.0081623029595366,3.4687361477745817,2.008161180508586,-0.5130775828799559,2.008157700583214,23.8663946634443,2.0081565793976246,-0.5130775828799559,2.008155938858505,-0.11389683771278994,2.0081784637537687,-0.5005641901243507,2.0081784637537687,-0.48805079736874574,2.0081784867549577,0.14110973912871697,2.0081792918780867,0.18266705433168576,2.008179337889911,-0.5130775828799559,2.008181454993557,-0.5005641901243507,2.008190880181619,-0.037568658166963316,2.0081909724667275,2.4799632901549535,2.0081909724667275,-0.362929157964381,2.008192172362405,0.7257482999249457,2.0081950581657497,0.4281315185006206,2.008199425363518,-0.037568658166963316,2.0082002808624395,-0.037568658166963316,2.0082003733595024,2.2148420378419487,2.008206575419783,0.09191586321539234
2.0081706508423527,-0.5084488788996575,2.0081706508423527,-0.4505106191019305,2.008170627885218,-0.5005641901243507,2.008170627885218,-0.5130775828799559,2.008170627885218,-0.037568658166963316,2.008170604928212,-0.5005641901243507,2.008170604928212,-0.5130775828799559,2.0081699392311605,-0.5130775828799559,2.0081691588968824,1.7056931967099571,2.0081668875957672,0.10323610397175041,2.008166864659775,0.12083919409677037,2.008163334053848,-0.5130775828799559,2.0081623029595366,3.4687361477745817,2.008161180508586,-0.5130775828799559,2.008157700583214,23.8663946634443,2.0081783487497646,0.18266705433168576,2.008178394750978,-0.2753231205234596,2.008178394750978,-0.48805079736874574,2.0081784867549577,0.14110973912871697,2.008179337889911,-0.5130775828799559,2.008181454993557,-0.5005641901243507,2.008190880181619,-0.037568658166963316,2.0081909724667275,2.4799632901549535,2.0081909724667275,-0.362929157964381,2.008192172362405,0.7257482999249457,2.0081950581657497,0.4281315185006206,2.008199425363518,-0.037568658166963316,2.0082002808624395,-0.037568658166963316,2.0082003733595024,2.2148420378419487,2.008206575419783,0.09191586321539234
2.0081707885878695,-0.5005641901243507,2.008170765629961,-0.4630240118575356,2.008170765629961,-0.5130775828799559,2.0081707426721813,-0.037568658166963316,2.0081706508423527,-0.5084488788996575,2.008170604928212,-0.5005641901243507,2.0081691588968824,1.7056931967099571,2.0081668875957672,0.10323610397175041,2.008166864659775,0.12083919409677037,2.008163334053848,-0.5130775828799559,2.0081623029595366,3.4687361477745817,2.008161180508586,-0.5130775828799559,2.008157700583214,23.8663946634443,2.0081565793976246,-0.5130775828799559,2.008155938858505,-0.11389683771278994,2.0081784637537687,-0.48805079736874574,2.0081784637537687,-0.5005641901243507,2.0081784637537687,-0.4630240118575356,2.0081784867549577,0.14110973912871697,2.008178808785188,0.18266705433168576,2.008179337889911,-0.5130775828799559,2.008181454993557,-0.5005641901243507,2.008190880181619,-0.037568658166963316,2.0081909724667275,2.4799632901549535,2.0081909724667275,-0.362929157964381,2.0081950581657497,0.4281315185006206,2.00819933288784,-0.037568658166963316,2.008199425363518,-0.037568658166963316,2.0082003733595024,2.2148420378419487,2.0082065522603294,-0.2878365132790647
2.0081715921959606,-0.037568658166963316,2.0081715003470357,-0.4505106191019305,2.0081714544233478,-0.5084488788996575,2.008170765629961,-0.5130775828799559,2.008169181845763,-0.5130775828799559,2.008169181845763,-0.4630240118575356,2.0081691588968824,1.7056931967099571,2.0081668875957672,0.10323610397175041,2.008166864659775,0.12083919409677037,2.008163334053848,-0.5130775828799559,2.0081623029595366,3.4687361477745817,2.008161180508586,-0.5130775828799559,2.008157700583214,23.8663946634443,2.0081565793976246,-0.5130775828799559,2.008155938858505,-0.11389683771278994,2.0081774748250196,-0.48805079736874574,2.0081774748250196,-0.5130775828799559,2.0081774978206464,-0.2753231205234596,2.008178440752709,-0.5005641901243507,2.0081784867549577,0.14110973912871697,2.008179337889911,-0.5130775828799559,2.008181270854082,0.18266705433168576,2.008181454993557,-0.5005641901243507,2.008189772922493,-0.037568658166963316,2.0081898651826524,0.7257482999249457,2.0081898651826524,-0.36295110645527434,2.008194965788554,-0.037568658166963316,2.0081950581657497,0.4281315185006206,2.008197622463966,2.483279339235189,2.008199425363518,-0.037568658166963316
2.0081716151585147,-0.5130775828799559,2.0081692736425745,-0.4505106191019305,2.0081692736425745,-0.4630240118575356,2.0081692506931783,-0.037568658166963316,2.008169181845763,-0.5130775828799559,2.0081691588968824,1.7056931967099571,2.0081668875957672,0.10323610397175041,2.008166864659775,0.12083919409677037,2.008163334053848,-0.5130775828799559,2.0081623029595366,3.4687361477745817,2.008161180508586,-0.5130775828799559,2.008157700583214,23.8663946634443,2.0081565793976246,-0.5130775828799559,2.008155938858505,-0.11389683771278994,2.0081547038171195,-0.017710241725422515,2.0081783487497646,-0.4004570480795102,2.0081783717503066,-0.5005641901243507,2.008178394750978,-0.48805079736874574,2.0081784867549577,0.14110973912871697,2.008179337889911,-0.5130775828799559,2.008181270854082,0.18266705433168576,2.008181454993557,-0.5005641901243507,2.0081878820471957,0.4294063829545616,2.0081878820471957,-0.3629904110219198,2.0081898651826524,0.7257482999249457,2.0081975300289505,-0.037568658166963316,2.008199402244403,0.4294063829545616,2.008199425363518,-0.037568658166963316,2.0082002808624395,-0.037568658166963316,2.0082003733595024,2.2148420378419487
2.0081716610840097,-0.5005641901243507,2.0081716381211976,-0.5084488788996575,2.008169319541754,-0.5130775828799559,2.0081692965921,-0.037568658166963316,2.008169181845763,-0.5130775828799559,2.0081691588968824,1.7056931967099571,2.0081668875957672,0.10323610397175041,2.008166864659775,0.12083919409677037,2.008163334053848,-0.5130775828799559,2.0081623029595366,3.4687361477745817,2.008161180508586,-0.5130775828799559,2.008157700583214,23.8663946634443,2.0081565793976246,-0.5130775828799559,2.008155938858505,-0.11389683771278994,2.0081547038171195,-0.017710241725422515,2.0081782797489143,-0.48805079736874574,2.0081782797489143,-0.4630240118575356,2.0081783027490685,-0.2753231205234596,2.0081783257493515,-0.5130775828799559,2.0081784867549577,0.14110973912871697,2.008179337889911,-0.5130775828799559,2.008181454993557,-0.5005641901243507,2.008182398838482,0.18266705433168576,2.008187789831711,-0.037568658166963316,2.0081878820471957,0.4294063829545616,2.0081878820471957,-0.3629904110219198,2.0081898651826524,0.7257482999249457,2.0081993097692465,-0.037568658166963316,2.008199402244403,0.4294063829545616,2.008199425363518,-0.037568658166963316
2.00816938839149,-0.5130775828799559,2.0081692506931783,-0.17058727449832078,2.008169181845763,-0.4630240118575356,2.008169181845763,-0.5130775828799559,2.0081691588968824,1.7056931967099571,2.0081684704904172,-0.5130775828799559,2.0081668875957672,0.10323610397175041,2.008166864659775,0.12083919409677037,2.008163334053848,-0.5130775828799559,2.0081623029595366,3.4687361477745817,2.008161180508586,-0.5130775828799559,2.008157700583214,23.8663946634443,2.0081565793976246,-0.5130775828799559,2.008155938858505,-0.11389683771278994,2.0081547038171195,-0.017710241725422515,2.0081778427705674,-0.48805079736874574,2.0081778427705674,-0.4630240118575356,2.0081778427705674,-0.5005641901243507,2.0081778657682636,-0.4004570480795102,2.0081778887660895,-0.5130775828799559,2.0081784867549577,0.14110973912871697,2.008179337889911,-0.5130775828799559,2.008181454993557,-0.5005641901243507,2.008182398838482,0.18266705433168576,2.008185093447422,-0.037568658166963316,2.0081851856021795,-0.36304384320898614,2.0081878820471957,0.4294063829545616,2.008189772922493,-0.037568658166963316,2.0081898651826524,0.7257482999249457,2.008199402244403,0.4294063829545616
2.0081692736425745,-0.4458819151216322,2.008169204794773,-0.5130775828799559,2.008169181845763,-0.5130775828799559,2.0081691588968824,1.7056931967099571,2.0081668875957672,0.10323610397175041,2.008166864659775,0.12083919409677037,2.008163334053848,-0.5130775828799559,2.0081623029595366,3.4687361477745817,2.008161180508586,-0.5130775828799559,2.008157700583214,23.8663946634443,2.008155938858505,-0.11389683771278994,2.0081547038171195,-0.017710241725422515,2.008154566613387,1.2002809172217532,2.008153697763621,-0.506459111804196,2.0081511608677007,-0.4154731193862363,2.0081776587936546,-0.48805079736874574,2.0081776587936546,-0.4004570480795102,2.0081776587936546,-0.5005641901243507,2.008177681790316,-0.5005641901243507,2.008177681790316,-0.4630240118575356,2.0081777047871068,-0.5130775828799559,2.0081784867549577,0.14110973912871697,2.008179337889911,-0.5130775828799559,2.008181454993557,-0.5005641901243507,2.008182398838482,0.18266705433168576,2.008185093447422,-0.037568658166963316,2.0081851856021795,-0.36304384320898614,2.0081878820471957,0.4294063829545616,2.0081898651826524,0.7257482999249457,2.0081993097692465,-0.037568658166963316
2.0081692506931783,-0.4458819151216322,2.008169181845763,-0.4630240118575356,2.0081691588968824,1.680666411198747,2.0081668875957672,0.10323610397175041,2.008166864659775,0.12083919409677037,2.008163334053848,-0.5130775828799559,2.0081623029595366,3.4687361477745817,2.008161180508586,-0.5130775828799559,2.008157700583214,23.8663946634443,2.008155938858505,-0.11389683771278994,2.0081547038171195,-0.017710241725422515,2.008154566613387,1.2002809172217532,2.008153697763621,-0.506459111804196,2.0081511608677007,-0.4154731193862363,2.0081511380199575,-0.5130775828799559,2.0081775668083024,-0.48805079736874574,2.0081775668083024,-0.5005641901243507,2.0081775898044465,-0.5130775828799559,2.0081775898044465,-0.4505106191019305,2.00817761280072,-0.4004570480795102,2.008177681790316,-0.5005641901243507,2.0081784867549577,0.14110973912871697,2.008179337889911,-0.5130775828799559,2.008181454993557,-0.5005641901243507,2.008182398838482,0.18266705433168576,2.0081851856021795,-0.36304384320898614,2.0081878820471957,0.4294063829545616,2.008189772922493,-0.037568658166963316,2.0081898651826524,0.7257482999249457,2.0081993097692465,-0.037568658166963316
2.0081692736425745,-0.4458819151216322,2.008169181845763,-0.4630240118575356,2.0081691588968824,1.680666411198747,2.0081668875957672,0.10323610397175041,2.008166864659775,0.12083919409677037,2.008163334053848,-0.5130775828799559,2.0081623029595366,3.4687361477745817,2.008161180508586,-0.5130775828799559,2.008157700583214,23.8663946634443,2.008155938858505,-0.11389683771278994,2.0081547038171195,-0.017710241725422515,2.008154566613387,1.2002809172217532,2.008153697763621,-0.506459111804196,2.0081511608677007,-0.4154731193862363,2.0081511380199575,-0.5130775828799559,2.0081774748250196,-0.4505106191019305,2.0081774748250196,-0.48805079736874574,2.0081774978206464,-0.4004570480795102,2.0081776587936546,-0.5005641901243507,2.0081776587936546,-0.5130775828799559,2.008177681790316,-0.5005641901243507,2.0081784867549577,0.14110973912871697,2.008179337889911,-0.5130775828799559,2.008181454993557,-0.5005641901243507,2.008182398838482,0.18266705433168576,2.008185093447422,-0.037568658166963316,2.0081851856021795,-0.36304384320898614,2.0081878820471957,0.4294063829545616,2.008189772922493,-0.037568658166963316,2.0081898651826524,0.7257482999249457
2.0081692736425745,-0.4458819151216322,2.0081691588968824,1.680666411198747,2.0081668875957672,0.10323610397175041,2.008166864659775,0.12083919409677037,2.008163334053848,-0.5130775828799559,2.0081623029595366,3.4687361477745817,2.008161180508586,-0.5130775828799559,2.008157700583214,23.8663946634443,2.008155938858505,-0.11389683771278994,2.0081547038171195,-0.017710241725422515,2.008154566613387,1.2002809172217532,2.008153697763621,-0.506459111804196,2.0081511608677007,-0.4154731193862363,2.0081511380199575,-0.5130775828799559,2.008150726782481,-0.09151519572922333,2.008177428834154,-0.48805079736874574,2.008177428834154,-0.5130775828799559,2.008177428834154,-0.4505106191019305,2.008177451829522,-0.4004570480795102,2.008177451829522,-0.4630240118575356,2.0081784867549577,0.14110973912871697,2.008179337889911,-0.5130775828799559,2.008181454993557,-0.5005641901243507,2.008182398838482,0.18266705433168576,2.0081851856021795,-0.36304384320898614,2.0081878820471957,0.4294063829545616,2.008189772922493,-0.037568658166963316,2.0081898651826524,0.7257482999249457,2.0081993097692465,-0.037568658166963316,2.008199402244403,0.4294063829545616
2.0081691588968824,1.2097861904660527,2.0081668875957672,0.10323610397175041,2.008166864659775,0.12083919409677037,2.008163334053848,-0.5130775828799559,2.0081623029595366,3.4687361477745817,2.008161180508586,-0.5130775828799559,2.008157700583214,23.8663946634443,2.008155938858505,-0.11389683771278994,2.0081547038171195,-0.017710241725422515,2.008154566613387,1.2002809172217532,2.008153697763621,-0.506459111804196,2.0081511608677007,-0.4154731193862363,2.0081511380199575,-0.5130775828799559,2.008150726782481,-0.09151519572922333,2.008142647536485,-0.33163009690138767,2.008177336853975,-0.4004570480795102,2.008177336853975,-0.4505106191019305,2.0081773598488257,-0.5130775828799559,2.008177382843806,-0.5005641901243507,2.0081774058389152,-0.5005641901243507,2.0081784637537687,-0.4630240118575356,2.0081784637537687,-0.48805079736874574,2.0081784867549577,0.14110973912871697,2.008179337889911,-0.5130775828799559,2.008181454993557,-0.5005641901243507,2.008182306746464,-0.037568658166963316,2.008182398838482,0.18266705433168576,2.0081842641479697,-0.3630621127624093,2.008187789831711,-0.037568658166963316,2.0081878820471957,0.4294063829545616
2.0081691588968824,1.0971656556656073,2.0081668875957672,0.10323610397175041,2.008166864659775,0.12083919409677037,2.0081648009478807,-0.5130775828799559,2.008163334053848,-0.5130775828799559,2.0081623029595366,3.4687361477745817,2.008161180508586,-0.5130775828799559,2.008157700583214,23.8663946634443,2.008155938858505,-0.11389683771278994,2.0081547038171195,-0.017710241725422515,2.008154566613387,1.2002809172217532,2.008153697763621,-0.506459111804196,2.0081511608677007,-0.4154731193862363,2.0081511380199575,-0.5130775828799559,2.008150726782481,-0.09151519572922333,2.0081771758936404,-0.48805079736874574,2.0081771758936404,-0.4505106191019305,2.008177198887586,-0.4004570480795102,2.008177198887586,-0.4630240118575356,2.008177244875865,-0.037568658166963316,2.0081774058389152,-0.5005641901243507,2.0081784637537687,-0.5130775828799559,2.0081784867549577,0.14110973912871697,2.008179337889911,-0.5130775828799559,2.008181454993557,-0.5005641901243507,2.008182306746464,-0.037568658166963316,2.008182398838482,0.18266705433168576,2.0081842641479697,-0.3630621127624093,2.0081878820471957,0.4294063829545616,2.0081898651826524,0.7257482999249457
2.0081691588968824,1.0971656556656073,2.0081668875957672,0.10323610397175041,2.008166864659775,0.12083919409677037,2.0081648009478807,-0.5130775828799559,2.008163334053848,-0.5130775828799559,2.0081623029595366,3.4687361477745817,2.008161180508586,-0.5130775828799559,2.008157700583214,23.8663946634443,2.008155938858505,-0.11389683771278994,2.0081547038171195,-0.017710241725422515,2.008154566613387,1.2002809172217532,2.008153697763621,-0.506459111804196,2.0081511608677007,-0.4154731193862363,2.0081511380199575,-0.5130775828799559,2.008150726782481,-0.09151519572922333,2.0081771069125796,-0.4505106191019305,2.0081771299061373,-0.48805079736874574,2.0081771299061373,-0.5130775828799559,2.0081771528998242,-0.3832567640672933,2.008177198887586,-0.4630240118575356,2.0081774058389152,-0.5005641901243507,2.0081784867549577,0.14110973912871697,2.008179337889911,-0.5130775828799559,2.008181454993557,-0.5005641901243507,2.008182306746464,-0.037568658166963316,2.008182398838482,0.18266705433168576,2.0081842641479697,-0.3630621127624093,2.008187789831711,-0.037568658166963316,2.0081878820471957,0.4294063829545616,2.0081898651826524,0.7257482999249457
2.0081691588968824,1.0971656556656073,2.0081668875957672,0.10323610397175041,2.008166864659775,0.12083919409677037,2.0081648009478807,-0.5130775828799559,2.008163334053848,-0.5130775828799559,2.0081623029595366,3.4687361477745817,2.008161180508586,-0.5130775828799559,2.008157700583214,23.8663946634443,2.008155938858505,-0.11389683771278994,2.0081547038171195,-0.017710241725422515,2.008154566613387,1.2002809172217532,2.008153697763621,-0.506459111804196,2.0081511608677007,-0.4154731193862363,2.0081511380199575,-0.5130775828799559,2.008150726782481,-0.09151519572922333,2.0081769919467316,-0.48805079736874574,2.0081769919467316,-0.5130775828799559,2.0081770149396423,-0.31349563806639374,2.0081770149396423,-0.4630240118575356,2.0081770149396423,-0.5005641901243507,2.0081770609258527,-0.4505106191019305,2.0081784867549577,0.14110973912871697,2.008179337889911,-0.5130775828799559,2.008181454993557,-0.5005641901243507,2.008182306746464,-0.037568658166963316,2.008182398838482,0.18266705433168576,2.0081842641479697,-0.3630621127624093,2.008187789831711,-0.037568658166963316,2.0081878820471957,0.4294063829545616,2.0081898651826524,0.7257482999249457
2.0081691588968824,1.0971656556656073,2.0081684704904172,-0.5130775828799559,2.0081668875957672,0.10323610397175041,2.008166864659775,0.12083919409677037,2.0081648009478807,-0.5130775828799559,2.008163334053848,-0.5130775828799559,2.0081623029595366,3.4687361477745817,2.008161180508586,-0.5130775828799559,2.008157700583214,23.8663946634443,2.008155938858505,-0.11389683771278994,2.0081547038171195,-0.017710241725422515,2.008154566613387,1.2002809172217532,2.008153697763621,-0.506459111804196,2.0081511608677007,-0.4154731193862363,2.0081511380199575,-0.5130775828799559,2.0081766930506544,-0.48805079736874574,2.0081767160418846,-0.3632116978594099,2.0081767160418846,-0.4630240118575356,2.008176739033244,-0.4505106191019305,2.008176739033244,-0.5005641901243507,2.008176739033244,-0.5130775828799559,2.008176762024733,-0.3391944177953654,2.0081770149396423,-0.5005641901243507,2.0081784867549577,0.14110973912871697,2.008179337889911,-0.5130775828799559,2.008181454993557,-0.5005641901243507,2.008182306746464,-0.037568658166963316,2.008182398838482,0.18266705433168576,2.008187789831711,-0.037568658166963316,2.0081878820471957,0.4294063829545616
2.0081691588968824,0.9970585136207668,2.0081684704904172,-0.5130775828799559,2.0081668875957672,0.10323610397175041,2.008166864659775,0.12083919409677037,2.0081648009478807,-0.5130775828799559,2.008163334053848,-0.5130775828799559,2.0081623029595366,3.4687361477745817,2.008161180508586,-0.5130775828799559,2.008157700583214,23.8663946634443,2.008155938858505,-0.11389683771278994,2.0081547038171195,-0.017710241725422515,2.008154566613387,1.2002809172217532,2.008153697763621,-0.506459111804196,2.0081511608677007,-0.4154731193862363,2.0081511380199575,-0.5130775828799559,2.008176555105989,-0.48805079736874574,2.008176555105989,-0.5130775828799559,2.008176578096443,-0.4004570480795102,2.008176578096443,-0.4630240118575356,2.008176601087027,-0.4505106191019305,2.0081784867549577,0.14110973912871697,2.008179337889911,-0.5130775828799559,2.008181454993557,-0.5005641901243507,2.008182306746464,-0.037568658166963316,2.008182398838482,0.18266705433168576,2.0081836422836528,-0.3630744384542736,2.008187789831711,-0.037568658166963316,2.0081878820471957,0.4294063829545616,2.0081898651826524,0.7257482999249457,2.0081993097692465,-0.037568658166963316
2.0081691588968824,0.9845451208651617,2.0081684704904172,-0.5130775828799559,2.0081668875957672,0.10323610397175041,2.008166864659775,0.12083919409677037,2.0081648009478807,-0.5130775828799559,2.008163334053848,-0.5130775828799559,2.0081623029595366,3.4687361477745817,2.008161180508586,-0.5130775828799559,2.008157700583214,23.8663946634443,2.008155938858505,-0.11389683771278994,2.0081547038171195,-0.017710241725422515,2.008154566613387,1.2002809172217532,2.008153697763621,-0.506459111804196,2.0081511608677007,-0.4154731193862363,2.0081511380199575,-0.5130775828799559,2.0081764171659775,-0.48805079736874574,2.008176440155656,-0.36321716621204403,2.008176440155656,-0.4630240118575356,2.008176463145464,-0.5130775828799559,2.0081765321156637,-0.5005641901243507,2.0081784867549577,0.14110973912871697,2.008179337889911,-0.5130775828799559,2.008181454993557,-0.5005641901243507,2.008182306746464,-0.037568658166963316,2.008182398838482,0.18266705433168576,2.0081836422836528,-0.3630744384542736,2.008187789831711,-0.037568658166963316,2.0081878820471957,0.4294063829545616,2.0081898651826524,0.7257482999249457,2.0081993097692465,-0.037568658166963316
2.0081691588968824,0.9845451208651617,2.0081668875957672,0.10323610397175041,2.008166864659775,0.12083919409677037,2.0081648009478807,-0.5130775828799559,2.008163334053848,-0.5130775828799559,2.0081623029595366,3.4687361477745817,2.008161180508586,-0.5130775828799559,2.008157700583214,23.8663946634443,2.008155938858505,-0.11389683771278994,2.0081547038171195,-0.017710241725422515,2.008154566613387,1.2002809172217532,2.008153697763621,-0.506459111804196,2.0081511608677007,-0.4154731193862363,2.0081511380199575,-0.5130775828799559,2.008150726782481,-0.09151519572922333,2.008176256241846,-0.48805079736874574,2.00817627923062,-0.3766314231389107,2.008176302219523,-0.4505106191019305,2.0081763252085554,-0.5005641901243507,2.0081763252085554,-0.4630240118575356,2.008176348197717,-0.3632189931673864,2.0081765321156637,-0.5005641901243507,2.0081784867549577,0.14110973912871697,2.008179337889911,-0.5130775828799559,2.008181454993557,-0.5005641901243507,2.008182306746464,-0.037568658166963316,2.008182398838482,0.18266705433168576,2.0081836422836528,-0.3630744384542736,2.008187789831711,-0.037568658166963316,2.0081878820471957,0.4294063829545616
2.0081691588968824,0.9845451208651617,2.0081684704904172,-0.5130775828799559,2.0081668875957672,0.10323610397175041,2.008166864659775,0.12083919409677037,2.0081648009478807,-0.5130775828799559,2.008163334053848,-0.5130775828799559,2.0081623029595366,3.4687361477745817,2.008161180508586,-0.5130775828799559,2.008157700583214,23.8663946634443,2.008155938858505,-0.11389683771278994,2.0081547038171195,-0.017710241725422515,2.008154566613387,1.2002809172217532,2.008153697763621,-0.506459111804196,2.0081511608677007,-0.4154731193862363,2.0081511380199575,-0.5130775828799559,2.0081761872763004,-0.4505106191019305,2.0081762102646863,-0.48805079736874574,2.0081762102646863,-0.5130775828799559,2.0081762102646863,-0.5005641901243507,2.0081762102646863,-0.4630240118575356,2.008176233253202,-0.3632212706048679,2.0081765321156637,-0.5005641901243507,2.0081784867549577,0.14110973912871697,2.008179337889911,-0.5130775828799559,2.008181454993557,-0.5005641901243507,2.008182306746464,-0.037568658166963316,2.008182398838482,0.18266705433168576,2.0081836422836528,-0.3630744384542736,2.008187789831711,-0.037568658166963316,2.0081878820471957,0.4294063829545616
2.0081691588968824,0.9845451208651617,2.0081668875957672,0.10323610397175041,2.008166864659775,0.12083919409677037,2.0081648009478807,-0.5130775828799559,2.008163334053848,-0.5130775828799559,2.0081623029595366,3.4687361477745817,2.008161180508586,-0.5130775828799559,2.008157700583214,23.8663946634443,2.008155938858505,-0.11389683771278994,2.0081547038171195,-0.017710241725422515,2.008154566613387,1.2002809172217532,2.008153697763621,-0.506459111804196,2.0081511608677007,-0.4154731193862363,2.0081511380199575,-0.5130775828799559,2.008150726782481,-0.09151519572922333,2.0081760033738667,-0.36322582547983095,2.0081760263612183,-0.48805079736874574,2.0081760263612183,-0.5005641901243507,2.0081760493486995,-0.3100681822504553,2.00817607233631,-0.5130775828799559,2.0081760953240493,-0.4630240118575356,2.0081784867549577,0.14110973912871697,2.008179337889911,-0.5130775828799559,2.008181454993557,-0.5005641901243507,2.008182306746464,-0.037568658166963316,2.008182398838482,0.18266705433168576,2.0081836422836528,-0.3630744384542736,2.008187789831711,-0.037568658166963316,2.0081878820471957,0.4294063829545616,2.0081898651826524,0.7257482999249457
2.0081691588968824,0.9845451208651617,2.0081668875957672,0.10323610397175041,2.008166864659775,0.12083919409677037,2.0081648009478807,-0.5130775828799559,2.008163334053848,-0.5130775828799559,2.0081623029595366,3.4687361477745817,2.008161180508586,-0.5130775828799559,2.008157700583214,23.8663946634443,2.008155938858505,-0.11389683771278994,2.0081547038171195,-0.017710241725422515,2.008154566613387,1.2002809172217532,2.008153697763621,-0.506459111804196,2.0081511608677007,-0.4154731193862363,2.0081511380199575,-0.5130775828799559,2.008150726782481,-0.09151519572922333,2.0081758884390464,-0.48805079736874574,2.008175911425752,-0.36322763992178053,2.0081759344125865,-0.28591072716076255,2.0081759344125865,-0.4630240118575356,2.0081759344125865,-0.5005641901243507,2.008175957399551,-0.4505106191019305,2.0081760263612183,-0.5005641901243507,2.0081784867549577,0.14110973912871697,2.008179337889911,-0.5130775828799559,2.008181454993557,-0.5005641901243507,2.008182306746464,-0.037568658166963316,2.008182398838482,0.18266705433168576,2.0081836422836528,-0.3630744384542736,2.008187789831711,-0.037568658166963316,2.0081878820471957,0.4294063829545616
2.0081691588968824,0.9845451208651617,2.0081668875957672,0.10323610397175041,2.008166864659775,0.12083919409677037,2.0081648009478807,-0.5130775828799559,2.008163334053848,-0.5130775828799559,2.0081623258699137,-0.5130775828799559,2.0081623029595366,3.4687361477745817,2.008161180508586,-0.5130775828799559,2.008157700583214,23.8663946634443,2.008155938858505,-0.11389683771278994,2.0081547038171195,-0.017710241725422515,2.008154566613387,1.2002809172217532,2.008153697763621,-0.506459111804196,2.0081511608677007,-0.4154731193862363,2.0081511380199575,-0.5130775828799559,2.008175750521527,-0.48805079736874574,2.008175750521527,-0.5130775828799559,2.0081757735074572,-0.4505106191019305,2.0081757964935165,-0.363229917359262,2.0081757964935165,-0.4630240118575356,2.008175819479705,-0.5130775828799559,2.008175842466023,-0.3554890575202882,2.0081760263612183,-0.5005641901243507,2.0081770379326827,-0.5130775828799559,2.0081784867549577,0.14110973912871697,2.008179337889911,-0.5130775828799559,2.008181454993557,-0.5005641901243507,2.008182306746464,-0.037568658166963316,2.008182398838482,0.18266705433168576,2.0081836422836528,-0.3630744384542736
2.0081691588968824,0.9845451208651617,2.0081668875957672,0.10323610397175041,2.008166864659775,0.12083919409677037,2.0081648009478807,-0.5130775828799559,2.008163334053848,-0.5130775828799559,2.0081623258699137,-0.5130775828799559,2.0081623029595366,3.4687361477745817,2.008161180508586,-0.5130775828799559,2.008157700583214,23.8663946634443,2.008155938858505,-0.11389683771278994,2.0081547038171195,-0.017710241725422515,2.008154566613387,1.2002809172217532,2.008153697763621,-0.506459111804196,2.0081511608677007,-0.4154731193862363,2.0081511380199575,-0.5130775828799559,2.008175589623636,-0.48805079736874574,2.0081756126086616,-0.36323357126994665,2.0081756126086616,-0.5130775828799559,2.008175635593816,-0.5005641901243507,2.0081756585790997,-0.4004570480795102,2.0081756585790997,-0.4630240118575356,2.008175681564513,-0.4505106191019305,2.0081760263612183,-0.5005641901243507,2.0081770379326827,-0.5130775828799559,2.0081784867549577,0.14110973912871697,2.008179337889911,-0.5130775828799559,2.008181454993557,-0.5005641901243507,2.008182306746464,-0.037568658166963316,2.008182398838482,0.18266705433168576,2.008187789831711,-0.037568658166963316
2.0081691588968824,0.9845451208651617,2.0081668875957672,0.10323610397175041,2.008166864659775,0.12083919409677037,2.0081648009478807,-0.5130775828799559,2.008163334053848,-0.5130775828799559,2.0081623029595366,3.4687361477745817,2.008161180508586,-0.5130775828799559,2.008157700583214,23.8663946634443,2.008155938858505,-0.11389683771278994,2.0081547038171195,-0.017710241725422515,2.008154566613387,1.2002809172217532,2.008153697763621,-0.506459111804196,2.0081511608677007,-0.4154731193862363,2.0081511380199575,-0.5130775828799559,2.008150726782481,-0.09151519572922333,2.008175497684827,-0.48805079736874574,2.0081755206693357,-0.3632353857118962,2.008175543653973,-0.5130775828799559,2.00817556663874,-0.4505106191019305,2.00817556663874,-0.5005641901243507,2.0081769919467316,-0.5005641901243507,2.0081770149396423,-0.31477564552475734,2.0081770379326827,-0.5130775828799559,2.0081784867549577,0.14110973912871697,2.008179337889911,-0.5130775828799559,2.008181454993557,-0.5005641901243507,2.008182306746464,-0.037568658166963316,2.008182398838482,0.18266705433168576,2.0081824909325734,-0.3630972503692671,2.008187789831711,-0.037568658166963316
2.0081691588968824,0.9845451208651617,2.0081668875957672,0.10323610397175041,2.008166864659775,0.12083919409677037,2.0081648009478807,-0.5130775828799559,2.008163334053848,-0.5130775828799559,2.0081623029595366,3.4687361477745817,2.008161180508586,-0.5130775828799559,2.008157700583214,23.8663946634443,2.008155938858505,-0.11389683771278994,2.0081547038171195,-0.017710241725422515,2.008154566613387,1.2002809172217532,2.008153697763621,-0.506459111804196,2.0081511608677007,-0.4154731193862363,2.0081511380199575,-0.5130775828799559,2.008150726782481,-0.09151519572922333,2.0081751759152797,-0.48805079736874574,2.0081751759152797,-0.5130775828799559,2.0081751988979786,-0.4004570480795102,2.0081751988979786,-0.4630240118575356,2.008175221880807,-0.3632413170600624,2.0081752678468514,-0.037568658166963316,2.00817556663874,-0.5005641901243507,2.0081770379326827,-0.5130775828799559,2.0081784867549577,0.14110973912871697,2.008179337889911,-0.5130775828799559,2.008181454993557,-0.5005641901243507,2.008182306746464,-0.037568658166963316,2.008182398838482,0.18266705433168576,2.0081824909325734,-0.3630972503692671,2.008187789831711,-0.037568658166963316
2.0081691588968824,0.9845451208651617,2.0081668875957672,0.10323610397175041,2.008166864659775,0.12083919409677037,2.0081648009478807,-0.5130775828799559,2.008163334053848,-0.5130775828799559,2.0081623258699137,-0.5130775828799559,2.0081623029595366,3.4687361477745817,2.008161180508586,-0.5130775828799559,2.008157700583214,23.8663946634443,2.008155938858505,-0.11389683771278994,2.0081547038171195,-0.017710241725422515,2.008154566613387,1.2002809172217532,2.008153697763621,-0.506459111804196,2.0081511608677007,-0.4154731193862363,2.0081511380199575,-0.5130775828799559,2.008174969076802,-0.5005641901243507,2.008174969076802,-0.48805079736874574,2.008174969076802,-0.5130775828799559,2.008174969076802,-0.4505106191019305,2.008174992058338,-0.5130775828799559,2.0081750150400035,-0.3632454089394935,2.0081770149396423,-0.39252344445192183,2.0081770379326827,-0.5130775828799559,2.0081784867549577,0.14110973912871697,2.008179337889911,-0.5130775828799559,2.008181454993557,-0.5005641901243507,2.008182306746464,-0.037568658166963316,2.008182398838482,0.18266705433168576,2.0081824909325734,-0.3630972503692671,2.008187789831711,-0.037568658166963316
2.0081692736425745,5.731105402166972,2.0081691588968824,0.9845451208651617,2.0081668875957672,0.10323610397175041,2.008166864659775,0.12083919409677037,2.0081648009478807,-0.5130775828799559,2.008163334053848,-0.5130775828799559,2.0081623029595366,3.4687361477745817,2.008161180508586,-0.5130775828799559,2.008157700583214,23.8663946634443,2.008155938858505,-0.11389683771278994,2.0081547038171195,-0.017710241725422515,2.008154566613387,1.2002809172217532,2.008153697763621,-0.506459111804196,2.0081511608677007,-0.4154731193862363,2.0081511380199575,-0.5130775828799559,2.0081747162884316,-0.48805079736874574,2.0081747392685463,-0.3632508772921277,2.0081747392685463,-0.5130775828799559,2.0081747622487907,-0.4505106191019305,2.0081747622487907,-0.4630240118575356,2.0081748311902983,-0.037568658166963316,2.008174969076802,-0.5005641901243507,2.0081770379326827,-0.5130775828799559,2.0081784867549577,0.14110973912871697,2.008179337889911,-0.5130775828799559,2.008181454993557,-0.5005641901243507,2.008182306746464,-0.037568658166963316,2.008182398838482,0.18266705433168576,2.0081824909325734,-0.3630972503692671,2.0081878820471957,0.4294063829545616
2.0081692736425745,5.731105402166972,2.0081691588968824,0.9845451208651617,2.0081668875957672,0.10323610397175041,2.008166864659775,0.12083919409677037,2.0081648009478807,-0.5130775828799559,2.008163334053848,-0.5130775828799559,2.0081623029595366,3.4687361477745817,2.008161180508586,-0.5130775828799559,2.008157700583214,23.8663946634443,2.008155938858505,-0.11389683771278994,2.0081547038171195,-0.017710241725422515,2.008154566613387,1.2002809172217532,2.008153697763621,-0.506459111804196,2.0081511608677007,-0.4154731193862363,2.0081511380199575,-0.5130775828799559,2.008174532452163,-0.48805079736874574,2.0081745554312445,-0.3632545186894195,2.008174578410455,-0.4004570480795102,2.0081746013897948,-0.5130775828799559,2.0081746243692637,-0.4505106191019305,2.0081770379326827,-0.5130775828799559,2.0081784867549577,0.14110973912871697,2.008179337889911,-0.5130775828799559,2.008181454993557,-0.5005641901243507,2.008182306746464,-0.037568658166963316,2.008182398838482,0.18266705433168576,2.0081824909325734,-0.3630972503692671,2.008187789831711,-0.037568658166963316,2.0081878820471957,0.4294063829545616,2.0081898651826524,0.7257482999249457
2.0081692736425745,5.731105402166972,2.0081691588968824,0.9845451208651617,2.0081668875957672,0.10323610397175041,2.008166864659775,0.12083919409677037,2.0081648009478807,-0.5130775828799559,2.008163334053848,-0.5130775828799559,2.0081623258699137,-0.5130775828799559,2.0081623029595366,3.4687361477745817,2.008161180508586,-0.5130775828799559,2.008157700583214,23.8663946634443,2.008155938858505,-0.11389683771278994,2.0081547038171195,-0.017710241725422515,2.008154566613387,1.2002809172217532,2.008153697763621,-0.506459111804196,2.0081511608677007,-0.4154731193862363,2.008174325646244,-0.4505106191019305,2.0081743486241628,-0.48805079736874574,2.0081743486241628,-0.3632586230822434,2.0081743716022107,-0.037568658166963316,2.0081743716022107,-0.4630240118575356,2.0081744405371293,-0.5005641901243507,2.0081744405371293,-0.5130775828799559,2.0081770379326827,-0.5130775828799559,2.0081784867549577,0.14110973912871697,2.008179337889911,-0.5130775828799559,2.0081813399054136,-0.3631200622842606,2.008181454993557,-0.5005641901243507,2.008182398838482,0.18266705433168576,2.008187789831711,-0.037568658166963316,2.0081878820471957,0.4294063829545616
2.0081692736425745,5.731105402166972,2.0081691588968824,0.9845451208651617,2.0081668875957672,0.10323610397175041,2.008166864659775,0.12083919409677037,2.0081648009478807,-0.5130775828799559,2.008163334053848,-0.5130775828799559,2.0081623029595366,3.4687361477745817,2.008161180508586,-0.5130775828799559,2.008157700583214,23.8663946634443,2.008155938858505,-0.11389683771278994,2.0081547038171195,-0.017710241725422515,2.008154566613387,1.2002809172217532,2.008153697763621,-0.506459111804196,2.0081511608677007,-0.4154731193862363,2.0081511380199575,-0.5130775828799559,2.0081742107585883,-0.4505106191019305,2.008174233735861,-0.39590430039323843,2.008174233735861,-0.4630240118575356,2.008174233735861,-0.48805079736874574,2.008174233735861,-0.5005641901243507,2.008174233735861,-0.5130775828799559,2.008174256713263,-0.037568658166963316,2.0081744405371293,-0.5005641901243507,2.0081770379326827,-0.5130775828799559,2.0081784867549577,0.14110973912871697,2.008179337889911,-0.5130775828799559,2.0081813399054136,-0.3631200622842606,2.008181454993557,-0.5005641901243507,2.008182306746464,-0.037568658166963316,2.008182398838482,0.18266705433168576
2.0081692736425745,5.731105402166972,2.0081691588968824,0.9845451208651617,2.0081668875957672,0.10323610397175041,2.008166864659775,0.12083919409677037,2.0081648009478807,-0.5130775828799559,2.008163334053848,-0.5130775828799559,2.0081623258699137,-0.5130775828799559,2.0081623029595366,3.4687361477745817,2.008161180508586,-0.5130775828799559,2.008157700583214,23.8663946634443,2.008155938858505,-0.11389683771278994,2.0081547038171195,-0.017710241725422515,2.008154566613387,1.2002809172217532,2.008153697763621,-0.506459111804196,2.0081511608677007,-0.4154731193862363,2.008174026945056,-0.48805079736874574,2.008174026945056,-0.5130775828799559,2.0081740499212954,-0.4505106191019305,2.0081740499212954,-0.4630240118575356,2.008174072897664,-0.38114605503084886,2.008174072897664,-0.3632640789214848,2.0081741188507887,-0.037568658166963316,2.0081770379326827,-0.5130775828799559,2.0081784867549577,0.14110973912871697,2.008179337889911,-0.5130775828799559,2.008181086722895,0.18266705433168576,2.0081813399054136,-0.3631200622842606,2.008181454993557,-0.5005641901243507,2.008187789831711,-0.037568658166963316,2.0081878820471957,0.4294063829545616
2.0081692736425745,5.731105402166972,2.0081691588968824,0.9845451208651617,2.0081668875957672,0.10323610397175041,2.008166864659775,0.12083919409677037,2.0081648009478807,-0.5130775828799559,2.008163334053848,-0.5130775828799559,2.0081623029595366,3.4687361477745817,2.008161180508586,-0.5130775828799559,2.008157700583214,23.8663946634443,2.008155938858505,-0.11389683771278994,2.0081547038171195,-0.017710241725422515,2.008154566613387,1.2002809172217532,2.008153697763621,-0.506459111804196,2.0081511608677007,-0.4154731193862363,2.0081511380199575,-0.5130775828799559,2.0081737742149466,-0.037568658166963316,2.00817384313979,-0.4505106191019305,2.0081738661149964,-0.4630240118575356,2.0081738661149964,-0.48805079736874574,2.0081738661149964,-0.36326818331430866,2.0081738661149964,-0.5130775828799559,2.0081740039689455,-0.5005641901243507,2.0081770379326827,-0.5130775828799559,2.0081784867549577,0.14110973912871697,2.008179337889911,-0.5130775828799559,2.0081797980366236,0.18266705433168576,2.00818099466041,-0.037568658166963316,2.0081813399054136,-0.3631200622842606,2.008181454993557,-0.5005641901243507,2.008187789831711,-0.037568658166963316
2.0081692736425745,5.731105402166972,2.0081691588968824,0.9845451208651617,2.0081668875957672,0.10323610397175041,2.008166864659775,0.12083919409677037,2.0081648009478807,-0.5130775828799559,2.008163334053848,-0.5130775828799559,2.0081623029595366,3.4687361477745817,2.008161180508586,-0.5130775828799559,2.008157700583214,23.8663946634443,2.008155938858505,-0.11389683771278994,2.0081547038171195,-0.017710241725422515,2.008154566613387,1.2002809172217532,2.008153697763621,-0.506459111804196,2.0081511608677007,-0.4154731193862363,2.0081511380199575,-0.5130775828799559,2.008173636368747,-0.48805079736874574,2.0081736593427904,-0.4505106191019305,2.0081736593427904,-0.5130775828799559,2.0081736823169636,-0.5130775828799559,2.0081739809929644,-0.5005641901243507,2.0081740039689455,-0.5005641901243507,2.0081770379326827,-0.5130775828799559,2.0081784867549577,0.14110973912871697,2.008179337889911,-0.5130775828799559,2.008179706003139,-0.037568658166963316,2.0081797980366236,0.18266705433168576,2.0081813399054136,-0.3631200622842606,2.008181454993557,-0.5005641901243507,2.008187789831711,-0.037568658166963316,2.0081878820471957,0.4294063829545616
2.0081692736425745,2.6402973915325205,2.0081691588968824,0.9845451208651617,2.008168585216771,-0.5130775828799559,2.0081668875957672,0.10323610397175041,2.008166864659775,0.12083919409677037,2.0081648009478807,-0.5130775828799559,2.008163334053848,-0.5130775828799559,2.0081623029595366,3.4687361477745817,2.008161180508586,-0.5130775828799559,2.008157700583214,23.8663946634443,2.008155938858505,-0.11389683771278994,2.0081547038171195,-0.017710241725422515,2.008154566613387,1.2002809172217532,2.008153697763621,-0.506459111804196,2.0081511608677007,-0.4154731193862363,2.0081735904210465,-0.48805079736874574,2.0081735904210465,-0.5130775828799559,2.0081735904210465,-0.4505106191019305,2.008173613394832,-0.5005641901243507,2.008173613394832,-0.4630240118575356,2.008173613394832,-0.5130775828799559,2.0081768539919804,-0.5005641901243507,2.0081768769841157,-0.4004570480795102,2.0081768999763803,-0.5130775828799559,2.008176922968774,-0.037568658166963316,2.0081770379326827,-0.5130775828799559,2.0081784867549577,0.14110973912871697,2.0081789007984834,0.18266705433168576,2.008179337889911,-0.5130775828799559,2.008181454993557,-0.5005641901243507
2.0081692736425745,2.6402973915325205,2.0081691588968824,0.9845451208651617,2.0081668875957672,0.10323610397175041,2.008166864659775,0.12083919409677037,2.0081648009478807,-0.5130775828799559,2.008163334053848,-0.5130775828799559,2.0081623029595366,3.4687361477745817,2.008161180508586,-0.5130775828799559,2.008157700583214,23.8663946634443,2.008155938858505,-0.11389683771278994,2.0081547038171195,-0.017710241725422515,2.008154566613387,1.2002809172217532,2.008153697763621,-0.506459111804196,2.0081511608677007,-0.4154731193862363,2.0081511380199575,-0.5130775828799559,2.0081734296081644,-0.48805079736874574,2.0081734525810457,-0.3632763795865636,2.0081734525810457,-0.5130775828799559,2.0081734525810457,-0.4630240118575356,2.0081734755540563,-0.5005641901243507,2.0081769459612975,-0.5005641901243507,2.0081769689539497,-0.037568658166963316,2.0081770379326827,-0.5130775828799559,2.0081770609258527,0.18266705433168576,2.008178394750978,-0.037568658166963316,2.0081784867549577,0.14110973912871697,2.008179337889911,-0.5130775828799559,2.008181454993557,-0.5005641901243507,2.0081878820471957,0.4294063829545616,2.0081898651826524,0.7257482999249457
2.0081692736425745,2.6402973915325205,2.0081691588968824,0.9845451208651617,2.0081668875957672,0.10323610397175041,2.008166864659775,0.12083919409677037,2.0081648009478807,-0.5130775828799559,2.008163334053848,-0.5130775828799559,2.0081623258699137,-0.5130775828799559,2.0081623029595366,3.4687361477745817,2.008161180508586,-0.5130775828799559,2.008157700583214,23.8663946634443,2.008155938858505,-0.11389683771278994,2.0081547038171195,-0.017710241725422515,2.008154566613387,1.2002809172217532,2.008153697763621,-0.506459111804196,2.0081511608677007,-0.4154731193862363,2.008173406635412,-0.48805079736874574,2.008173406635412,-0.5130775828799559,2.0081734296081644,-0.5130775828799559,2.0081734525810457,-0.3632763795865636,2.0081734525810457,-0.4630240118575356,2.0081734755540563,-0.5005641901243507,2.0081770379326827,-0.5130775828799559,2.0081770609258527,0.18266705433168576,2.008178394750978,-0.037568658166963316,2.0081784867549577,0.14110973912871697,2.008179337889911,-0.5130775828799559,2.008181454993557,-0.5005641901243507,2.008187789831711,-0.037568658166963316,2.0081878820471957,0.4294063829545616,2.0081898651826524,0.7257482999249457
2.0081692736425745,2.6402973915325205,2.0081691588968824,0.9845451208651617,2.008168585216771,-0.5130775828799559,2.0081669105318882,-0.5130775828799559,2.0081668875957672,0.10323610397175041,2.008166864659775,0.12083919409677037,2.0081648009478807,-0.5130775828799559,2.008163334053848,-0.5130775828799559,2.0081623029595366,3.4687361477745817,2.008161180508586,-0.5130775828799559,2.008157700583214,23.8663946634443,2.008155938858505,-0.11389683771278994,2.0081547038171195,-0.017710241725422515,2.008154566613387,1.2002809172217532,2.008153697763621,-0.506459111804196,2.008173176914991,-0.4505106191019305,2.008173176914991,-0.5130775828799559,2.008173199886452,-0.48805079736874574,2.008173199886452,-0.5130775828799559,2.0081732228580425,-0.36328093446152665,2.0081732458297616,-0.4630240118575356,2.0081764171659775,-0.5005641901243507,2.008176440155656,0.18266705433168576,2.0081770379326827,-0.5130775828799559,2.0081784867549577,0.14110973912871697,2.008179337889911,-0.5130775828799559,2.008181454993557,-0.5005641901243507,2.008187789831711,-0.037568658166963316,2.0081878820471957,0.4294063829545616,2.0081898651826524,0.7257482999249457
2.0081692736425745,2.6402973915325205,2.0081691588968824,0.9845451208651617,2.008166956404517,-0.5130775828799559,2.008166864659775,0.12083919409677037,2.008164892646262,-0.5130775828799559,2.008163334053848,-0.5130775828799559,2.0081623029595366,3.4687361477745817,2.008161180508586,-0.5130775828799559,2.008157700583214,23.8663946634443,2.008155938858505,-0.11389683771278994,2.0081547038171195,-0.017710241725422515,2.008154566613387,1.2002809172217532,2.008153697763621,-0.506459111804196,2.0081511608677007,-0.4154731193862363,2.0081511380199575,-0.5130775828799559,2.008173062059623,-0.48805079736874574,2.0081730850304385,-0.4505106191019305,2.0081730850304385,-0.5130775828799559,2.0081731080013827,-0.3632831993856154,2.0081731080013827,-0.4630240118575356,2.0081731539436594,-0.37477039382811883,2.0081739809929644,-0.5005641901243507,2.0081740039689455,-0.037568658166963316,2.008174095874162,0.18266705433168576,2.0081770379326827,-0.5130775828799559,2.0081784867549577,0.14110973912871697,2.008179337889911,-0.5130775828799559,2.008181454993557,-0.5005641901243507,2.008187789831711,-0.037568658166963316,2.0081878820471957,0.4294063829545616
2.0081692736425745,2.6402973915325205,2.0081691588968824,0.9845451208651617,2.008166956404517,-0.5130775828799559,2.008166956404517,0.10323610397175041,2.008166864659775,0.12083919409677037,2.008164892646262,-0.5130775828799559,2.0081633569700132,-0.5130775828799559,2.008163334053848,-0.5130775828799559,2.0081623029595366,3.4687361477745817,2.008161180508586,-0.5130775828799559,2.008157700583214,23.8663946634443,2.008155938858505,-0.11389683771278994,2.0081547038171195,-0.017710241725422515,2.008154566613387,1.2002809172217532,2.008153697763621,-0.506459111804196,2.008172878297748,-0.48805079736874574,2.0081729012675305,-0.4004570480795102,2.0081729012675305,-0.3632873037784392,2.0081729242374418,-0.4630240118575356,2.0081729242374418,-0.4505106191019305,2.0081729472074827,-0.037568658166963316,2.0081740499212954,-0.5130775828799559,2.008174072897664,-0.5005641901243507,2.008174095874162,0.18266705433168576,2.0081770379326827,-0.5130775828799559,2.0081784867549577,0.14110973912871697,2.008179337889911,-0.5130775828799559,2.008181454993557,-0.5005641901243507,2.008187789831711,-0.037568658166963316,2.0081878820471957,0.4294063829545616
2.0081692736425745,2.6402973915325205,2.0081691588968824,0.9845451208651617,2.008166956404517,-0.5130775828799559,2.008166956404517,0.10323610397175041,2.008166864659775,0.12083919409677037,2.008164892646262,-0.5130775828799559,2.008163334053848,-0.5130775828799559,2.0081623258699137,-0.5130775828799559,2.0081623029595366,3.4687361477745817,2.008161180508586,-0.5130775828799559,2.008157700583214,23.8663946634443,2.008155938858505,-0.11389683771278994,2.0081547038171195,-0.017710241725422515,2.008154566613387,1.2002809172217532,2.008153697763621,-0.506459111804196,2.0081727175128856,-0.48805079736874574,2.0081727404817644,-0.3738925793263131,2.0081727404817644,-0.4630240118575356,2.0081727634507724,-0.037568658166963316,2.0081727864199093,-0.4505106191019305,2.0081734296081644,-0.5130775828799559,2.0081734525810457,-0.5005641901243507,2.008173498527196,0.18266705433168576,2.0081770379326827,-0.5130775828799559,2.0081783717503066,-0.5005641901243507,2.008178394750978,-0.037568658166963316,2.0081784867549577,0.14110973912871697,2.008179337889911,-0.5130775828799559,2.008181454993557,-0.5005641901243507,2.0081878820471957,0.4294063829545616
2.0081692736425745,2.6402973915325205,2.0081691588968824,0.9845451208651617,2.008166956404517,-0.5130775828799559,2.008166956404517,0.10323610397175041,2.008166864659775,0.12083919409677037,2.008164892646262,-0.5130775828799559,2.008163334053848,-0.5130775828799559,2.0081623029595366,3.4687361477745817,2.008161180508586,-0.5130775828799559,2.008157700583214,23.8663946634443,2.008155938858505,-0.11389683771278994,2.0081547038171195,-0.017710241725422515,2.008154566613387,1.2002809172217532,2.008153697763621,-0.506459111804196,2.0081511608677007,-0.4154731193862363,2.008172625638662,-0.36329275961768065,2.008172648607024,-0.48805079736874574,2.0081726715755157,-0.4004570480795102,2.008172694544136,-0.4505106191019305,2.008172694544136,-0.4630240118575356,2.0081734525810457,-0.5005641901243507,2.0081734755540563,-0.5130775828799559,2.008173498527196,0.18266705433168576,2.0081770379326827,-0.5130775828799559,2.008178394750978,-0.037568658166963316,2.0081784867549577,0.14110973912871697,2.008179337889911,-0.5130775828799559,2.008181454993557,-0.5005641901243507,2.0081878820471957,0.4294063829545616,2.0081878820471957,-0.3629904110219198
2.0081692736425745,2.6402973915325205,2.0081691588968824,0.9845451208651617,2.008168585216771,-0.5130775828799559,2.008166956404517,-0.5130775828799559,2.008166956404517,0.10323610397175041,2.008166864659775,0.12083919409677037,2.008164892646262,-0.5130775828799559,2.008163334053848,-0.5130775828799559,2.0081623258699137,-0.5130775828799559,2.0081623029595366,3.4687361477745817,2.008161180508586,-0.5130775828799559,2.008157700583214,23.8663946634443,2.008155938858505,-0.11389683771278994,2.0081547038171195,-0.017710241725422515,2.008154566613387,1.2002809172217532,2.0081724878311995,-0.48805079736874574,2.008172510798787,-0.3632950370551622,2.008172533766504,-0.4505106191019305,2.00817255673435,-0.3873644479134265,2.0081726026704287,-0.037568658166963316,2.0081727634507724,-0.5130775828799559,2.0081734296081644,-0.5130775828799559,2.0081734525810457,-0.5005641901243507,2.008173498527196,0.18266705433168576,2.0081770379326827,-0.5130775828799559,2.0081784867549577,0.14110973912871697,2.008179337889911,-0.5130775828799559,2.008181454993557,-0.5005641901243507,2.0081878820471957,0.4294063829545616,2.0081878820471957,-0.3629904110219198
2.0081692736425745,2.6402973915325205,2.0081691588968824,0.9845451208651617,2.008168585216771,-0.5130775828799559,2.008166956404517,-0.5130775828799559,2.008166956404517,0.10323610397175041,2.008166864659775,0.12083919409677037,2.008164892646262,-0.5130775828799559,2.008163334053848,-0.5130775828799559,2.0081623258699137,-0.5130775828799559,2.0081623029595366,3.4687361477745817,2.008161180508586,-0.5130775828799559,2.008157700583214,23.8663946634443,2.008155938858505,-0.11389683771278994,2.0081547038171195,-0.017710241725422515,2.008154566613387,1.2002809172217532,2.0081723959621396,-0.48805079736874574,2.0081723959621396,-0.4505106191019305,2.008172418929211,-0.36329686401050454,2.008172464863741,-0.39846262600194365,2.00817283235857,-0.5130775828799559,2.0081733606902947,-0.5130775828799559,2.008173383662789,-0.5005641901243507,2.008173406635412,-0.037568658166963316,2.008173498527196,0.18266705433168576,2.0081770379326827,-0.5130775828799559,2.0081784867549577,0.14110973912871697,2.008179337889911,-0.5130775828799559,2.008181454993557,-0.5005641901243507,2.008187789831711,-0.037568658166963316,2.0081878820471957,0.4294063829545616
2.0081692736425745,2.264895608864369,2.0081691588968824,0.9845451208651617,2.008168585216771,-0.5130775828799559,2.0081668875957672,0.10323610397175041,2.008166864659775,0.12083919409677037,2.0081658326734395,-0.5130775828799559,2.008164892646262,-0.5130775828799559,2.0081633569700132,-0.5130775828799559,2.008163334053848,-0.5130775828799559,2.00815596173317,-0.5130775828799559,2.008155938858505,-0.11389683771278994,2.0081547038171195,-0.017710241725422515,2.008154566613387,1.2002809172217532,2.008153697763621,-0.506459111804196,2.0081511608677007,-0.4154731193862363,2.0081716840469506,-0.48805079736874574,2.0081717070100207,-0.4505106191019305,2.00817172997322,-0.4630240118575356,2.008171752936548,-0.037568658166963316,2.0081718447911516,0.18266705433168576,2.008173728265697,-0.5130775828799559,2.008173728265697,-0.5005641901243507,2.0081737512402573,0.7257482999249457,2.0081770379326827,-0.5130775828799559,2.008178394750978,-0.037568658166963316,2.0081784867549577,0.14110973912871697,2.008178647766903,-0.3631734193909705,2.008179337889911,-0.5130775828799559,2.008181454993557,-0.5005641901243507,2.008187789831711,-0.037568658166963316
2.0081692736425745,2.264895608864369,2.0081691588968824,0.9845451208651617,2.008168585216771,-0.5130775828799559,2.0081668875957672,0.10323610397175041,2.008166864659775,0.12083919409677037,2.0081658326734395,-0.5130775828799559,2.008164892646262,-0.5130775828799559,2.0081633569700132,-0.5130775828799559,2.008163334053848,-0.5130775828799559,2.00815596173317,-0.5130775828799559,2.008155938858505,-0.11389683771278994,2.0081547038171195,-0.017710241725422515,2.008154566613387,1.2002809172217532,2.008153697763621,-0.506459111804196,2.0081511608677007,-0.4154731193862363,2.0081716840469506,-0.48805079736874574,2.0081717070100207,-0.4505106191019305,2.00817172997322,-0.4630240118575356,2.008171752936548,-0.037568658166963316,2.0081718447911516,0.18266705433168576,2.008173728265697,-0.5130775828799559,2.008173728265697,-0.5005641901243507,2.0081737512402573,0.7257482999249457,2.0081770379326827,-0.5130775828799559,2.008178394750978,-0.037568658166963316,2.0081784867549577,0.14110973912871697,2.008178647766903,-0.3631734193909705,2.008179337889911,-0.5130775828799559,2.008181454993557,-0.5005641901243507,2.008187789831711,-0.037568658166963316
2.0081692965921,-0.3633118800818113,2.0081692736425745,2.264895608864369,2.0081691588968824,0.9845451208651617,2.0081668875957672,0.10323610397175041,2.008166864659775,0.12083919409677037,2.008164892646262,-0.5130775828799559,2.0081633569700132,-0.5130775828799559,2.008163334053848,-0.5130775828799559,2.00815596173317,-0.5130775828799559,2.008155938858505,-0.11389683771278994,2.0081547038171195,-0.017710241725422515,2.008154566613387,1.2002809172217532,2.008153697763621,-0.506459111804196,2.0081511608677007,-0.4154731193862363,2.0081511380199575,-0.5130775828799559,2.0081716381211976,-0.3619329542537145,2.0081737052912656,0.18266705433168576,2.0081737512402573,0.5076202557083013,2.008174095874162,-0.5130775828799559,2.0081770379326827,-0.5130775828799559,2.0081784867549577,0.14110973912871697,2.008179337889911,-0.5130775828799559,2.008187789831711,-0.037568658166963316,2.0081878820471957,0.4294063829545616,2.0081943422969517,2.4845306785107493,2.0081993791254185,0.09191586321539234,2.008199402244403,0.4294063829545616,2.008199425363518,-0.037568658166963316,2.0082007202420735,2.0396545392634775,2.008208127400976,-0.2878365132790647
2.00816941134166,-0.48805079736874574,2.00816938839149,-0.3633118800818113,2.008169365441449,-0.4505106191019305,2.008169365441449,-0.4630240118575356,2.008169342491537,-0.037568658166963316,2.0081692736425745,2.264895608864369,2.0081691588968824,0.9845451208651617,2.008168699946347,-0.5130775828799559,2.0081669105318882,-0.5130775828799559,2.008166864659775,0.12083919409677037,2.008165763883624,-0.5130775828799559,2.008164892646262,-0.5130775828799559,2.0081633569700132,-0.5130775828799559,2.008163334053848,-0.5130775828799559,2.00815596173317,-0.5130775828799559,2.0081736593427904,0.18266705433168576,2.008173728265697,-0.4630240118575356,2.008173728265697,-0.5130775828799559,2.0081737512402573,0.5076202557083013,2.0081781877495923,-0.5130775828799559,2.0081784867549577,0.14110973912871697,2.008179337889911,-0.5130775828799559,2.0081805804048654,-0.36312808336901686,2.008187789831711,-0.037568658166963316,2.0081878820471957,0.4294063829545616,2.0081943422969517,2.4845306785107493,2.0081993097692465,-0.037568658166963316,2.0081993791254185,0.09191586321539234,2.008199402244403,0.4294063829545616,2.008199425363518,-0.037568658166963316
2.00816957199646,-0.4505106191019305,2.0081695490453875,-0.3633118800818113,2.008169526094444,-0.4630240118575356,2.008169503143629,-0.037568658166963316,2.0081692736425745,2.264895608864369,2.0081691588968824,0.9845451208651617,2.0081687228926492,-0.5130775828799559,2.0081669105318882,-0.5130775828799559,2.0081669105318882,0.10323610397175041,2.008166864659775,0.12083919409677037,2.008165763883624,-0.5130775828799559,2.008164892646262,-0.5130775828799559,2.008163334053848,-0.5130775828799559,2.00815596173317,-0.5130775828799559,2.008155938858505,-0.11389683771278994,2.0081735215004652,0.18266705433168576,2.008173544473863,-0.5130775828799559,2.0081737512402573,0.5076202557083013,2.0081781877495923,-0.5130775828799559,2.0081784867549577,0.14110973912871697,2.008179337889911,-0.5130775828799559,2.008180488353775,-0.037568658166963316,2.0081805804048654,-0.36312808336901686,2.008187789831711,-0.037568658166963316,2.0081878820471957,0.4294063829545616,2.0081943422969517,2.4845306785107493,2.008199402244403,0.4294063829545616,2.008199425363518,-0.037568658166963316,2.0082007202420735,2.0396545392634775,2.008208104232762,0.09191586321539234
2.0081714544233478,-0.4394194610267492,2.00816966380204,-0.08762222918938363,2.0081692965921,-0.3633118800818113,2.0081692736425745,2.264895608864369,2.0081691588968824,0.9845451208651617,2.0081689523627597,-0.5130775828799559,2.0081669334681385,-0.5130775828799559,2.0081669105318882,0.10323610397175041,2.008166864659775,0.12083919409677037,2.008165763883624,-0.5130775828799559,2.008164892646262,-0.5130775828799559,2.0081633569700132,-0.5130775828799559,2.008163334053848,-0.5130775828799559,2.00815596173317,-0.5130775828799559,2.008155938858505,-0.11389683771278994,2.0081733606902947,-0.4630240118575356,2.0081733606902947,-0.48805079736874574,2.0081737512402573,0.5076202557083013,2.0081764861354015,-0.5130775828799559,2.008176555105989,-0.5130775828799559,2.0081781877495923,-0.5130775828799559,2.0081784867549577,0.14110973912871697,2.008179337889911,-0.5130775828799559,2.008180488353775,-0.037568658166963316,2.0081805804048654,-0.36312808336901686,2.008187789831711,-0.037568658166963316,2.0081878820471957,0.4294063829545616,2.0081943422969517,2.4845306785107493,2.008199402244403,0.4294063829545616,2.008199425363518,-0.037568658166963316
2.0081714544233478,-0.4394194610267492,2.008169342491537,-0.4505106191019305,2.0081692965921,-0.3633118800818113,2.0081692736425745,2.264895608864369,2.0081691588968824,0.9845451208651617,2.0081686311082145,-0.5130775828799559,2.0081669105318882,-0.5130775828799559,2.0081668875957672,0.10323610397175041,2.008166864659775,0.12083919409677037,2.008165763883624,-0.5130775828799559,2.008164892646262,-0.5130775828799559,2.0081633569700132,-0.5130775828799559,2.008163334053848,-0.5130775828799559,2.00815596173317,-0.5130775828799559,2.008155938858505,-0.11389683771278994,2.008173199886452,-0.13642446093624336,2.008173728265697,-0.4630240118575356,2.008173728265697,-0.48805079736874574,2.0081737512402573,0.5076202557083013,2.008176463145464,-0.5130775828799559,2.0081781877495923,-0.5130775828799559,2.0081784867549577,0.14110973912871697,2.008179337889911,-0.5130775828799559,2.008180488353775,-0.037568658166963316,2.0081805804048654,-0.36312808336901686,2.008187789831711,-0.037568658166963316,2.0081878820471957,0.4294063829545616,2.0081943422969517,2.4845306785107493,2.008199402244403,0.4294063829545616,2.008199425363518,-0.037568658166963316
2.008171913683459,-0.4505106191019305,2.0081718907192276,-0.3633118800818113,2.0081718907192276,-0.5130775828799559,2.008171867755125,-0.2753231205234596,2.0081718447911516,-0.08762222918938363,2.008171752936548,-0.5130775828799559,2.0081714544233478,-0.4394194610267492,2.0081692736425745,2.264895608864369,2.0081691588968824,0.9845451208651617,2.0081668875957672,0.10323610397175041,2.008166864659775,0.12083919409677037,2.008165763883624,-0.5130775828799559,2.008164892646262,-0.5130775828799559,2.0081633569700132,-0.5130775828799559,2.008163334053848,-0.5130775828799559,2.0081784637537687,-0.31161195951471427,2.0081784637537687,-0.4630240118575356,2.0081784867549577,-0.31252035674841466,2.008179337889911,-0.5130775828799559,2.0081812478372303,-0.5130775828799559,2.008187789831711,-0.037568658166963316,2.0081878820471957,0.4294063829545616,2.008199402244403,0.4294063829545616,2.008199425363518,-0.037568658166963316,2.008200697115656,0.09191586321539234,2.008200697115656,-0.36272939416243055,2.0082007202420735,2.0396545392634775,2.0082056259893735,2.488835285618677,2.0082081505693203,-0.4505106191019305,2.00821095490469,-0.2878365132790647
2.00817393504139,-0.08762222918938363,2.00817384313979,-0.4505106191019305,2.00817384313979,-0.5130775828799559,2.0081737971897655,-0.2753231205234596,2.0081737512402573,24.501194535574573,2.0081714544233478,-0.4394194610267492,2.0081692736425745,2.264895608864369,2.0081691588968824,0.9845451208651617,2.0081668875957672,0.10323610397175041,2.008166864659775,0.12083919409677037,2.008165763883624,-0.5130775828799559,2.008164892646262,-0.5130775828799559,2.0081633569700132,-0.5130775828799559,2.008163334053848,-0.5130775828799559,2.00815596173317,-0.5130775828799559,2.008178417751779,-0.31161195951471427,2.008178417751779,-0.4630240118575356,2.008178440752709,-0.5005641901243507,2.0081784867549577,-0.31252035674841466,2.008179337889911,-0.5130775828799559,2.008182398838482,-0.5130775828799559,2.0081878820471957,0.4294063829545616,2.008199402244403,0.4294063829545616,2.008199425363518,-0.037568658166963316,2.008200627737185,-0.037568658166963316,2.008200697115656,-0.36272939416243055,2.0082007202420735,2.0396545392634775,2.0082055102202054,-0.037568658166963316,2.0082056028352784,0.09191586321539234,2.0082056259893735,2.488835285618677
2.0081740039689455,-0.48805079736874574,2.0081740039689455,-0.2753231205234596,2.0081740039689455,-0.5130775828799559,2.0081739809929644,-0.4505106191019305,2.0081739580171125,-0.3633118800818113,2.0081737512402573,24.501194535574573,2.0081714544233478,-0.4394194610267492,2.0081692736425745,2.264895608864369,2.0081691588968824,0.9845451208651617,2.008167690436668,0.3766214010748406,2.0081668875957672,0.10323610397175041,2.008166864659775,0.12083919409677037,2.008165763883624,-0.5130775828799559,2.0081650989751507,-0.5130775828799559,2.0081639528354858,-0.5130775828799559,2.008178417751779,-0.31161195951471427,2.008178440752709,-0.5005641901243507,2.0081784867549577,-0.31252035674841466,2.0081792918780867,-0.5130775828799559,2.008179337889911,-0.5130775828799559,2.008180925614906,-0.5130775828799559,2.008187789831711,-0.037568658166963316,2.0081878820471957,0.4294063829545616,2.0081993097692465,-0.037568658166963316,2.008199402244403,0.4294063829545616,2.008199425363518,-0.037568658166963316,2.008200697115656,-0.36272939416243055,2.0082007202420735,2.0396545392634775,2.008205556527481,2.4873086517024934,2.0082056028352784,0.09191586321539234
